128
128
130
129
126
124
124
127
130
129
128
128
131
132
128
119
114
120
134
147
145
129
111
105
116
135
144
140
129
123
126
129
125
114
111
125
148
162
148
115
87
89
121
157
168
149
118
102
109
125
131
124
121
133
154
161
136
94
70
90
143
188
187
141
89
72
97
136
156
147
130
128
141
144
120
84
74
110
172
209
184
112
50
48
104
170
194
166
121
100
111
127
120
99
97
135
188
206
158
74
22
50
138
215
222
160
86
60
88
130
147
134
124
141
170
171
124
60
38
88
177
234
210
125
47
37
93
160
184
161
127
119
133
137
111
75
74
126
197
224
176
84
22
41
123
199
212
164
104
82
102
126
126
109
110
146
189
192
136
58
25
71
164
229
215
139
65
50
92
144
161
144
128
137
158
154
110
59
53
112
196
234
191
99
31
40
110
180
196
161
118
106
121
130
111
85
92
143
202
211
151
63
19
58
149
217
213
149
85
69
99
132
137
122
121
150
181
173
115
49
35
96
187
236
202
114
46
46
103
161
175
150
126
129
145
140
102
64
71
135
208
226
167
74
21
50
133
200
203
153
103
92
113
128
116
98
108
155
200
194
127
47
24
80
174
230
206
129
65
60
102
144
150
133
127
147
169
155
100
48
52
121
206
235
182
89
31
50
120
180
186
150
118
117
132
130
100
74
91
153
212
212
142
53
19
68
158
216
203
139
86
80
109
132
126
112
121
160
192
174
106
39
35
105
196
235
192
105
47
57
112
159
164
140
127
140
155
139
91
54
72
144
217
226
157
65
23
61
142
198
192
144
105
104
122
126
105
88
109
166
210
193
117
39
25
90
182
228
195
120
68
71
111
141
139
124
129
159
179
154
90
39
53
131
214
233
171
81
34
61
128
177
174
141
121
129
142
128
89
65
93
164
221
210
131
45
22
78
165
213
191
131
89
92
118
129
114
102
124
171
201
172
95
31
38
116
204
232
181
98
51
68
120
155
152
132
130
152
164
136
80
45
74
155
225
223
147
58
26
72
149
194
180
136
109
116
131
122
93
79
112
177
218
190
106
31
28
101
189
223
184
114
72
83
119
137
127
116
133
171
187
150
78
31
56
142
221
229
161
75
39
72
135
171
162
134
126
141
149
123
77
57
97
175
228
206
121
39
26
89
171
208
180
125
95
104
124
123
102
95
128
183
208
167
84
25
42
127
210
227
170
93
57
80
126
149
139
125
136
164
171
131
68
39
79
166
231
217
136
53
32
83
154
187
168
131
116
128
137
117
81
73
118
188
224
185
95
26
34
112
194
217
173
109
79
95
124
130
114
110
139
183
193
144
67
26
62
153
225
222
150
71
46
84
139
164
150
129
133
153
155
117
65
52
103
186
233
200
110
35
33
100
175
200
168
121
103
116
129
116
90
90
135
195
213
161
73
20
49
137
213
219
159
89
65
92
130
141
127
121
144
176
175
124
57
34
86
177
234
210
125
50
41
94
157
178
156
128
125
140
141
109
69
69
125
199
227
177
85
23
42
122
196
208
162
107
88
107
127
121
102
106
147
194
196
137
56
23
70
163
228
214
139
69
55
95
141
155
138
127
142
165
158
109
54
49
111
196
235
192
100
33
42
111
176
191
157
120
112
128
131
107
78
88
144
206
215
152
63
19
58
147
214
210
148
89
75
103
131
131
116
119
153
187
177
115
46
32
94
187
235
201
116
49
50
104
157
168
145
127
135
151
142
99
58
67
134
210
229
168
75
23
51
132
196
198
151
107
99
118
127
111
91
105
157
205
197
128
46
22
79
173
227
204
130
69
65
105
141
144
128
127
152
176
158
99
44
48
120
206
235
182
91
34
52
120
175
180
147
121
123
138
131
96
68
88
154
216
215
143
53
19
68
156
213
199
139
90
86
113
130
120
105
120
164
197
177
105
37
33
104
196
234
191
107
51
61
113
155
157
136
128
146
161
141
88
49
68
144
219
227
158
66
25
62
140
193
187
143
109
111
127
125
99
82
107
168
214
196
117
38
24
90
181
225
193
122
72
77
113
138
132
118
129
164
185
156
88
35
50
130
214
233
172
83
37
64
128
172
168
139
124
135
147
128
85
59
90
165
224
212
132
46
23
78
163
209
188
132
94
98
121
126
108
97
123
175
206
174
95
29
36
115
203
230
180
100
56
73
121
151
145
128
132
158
170
138
77
41
71
155
226
224
148
60
29
73
147
188
175
135
114
123
135
121
87
74
110
179
221
192
106
31
28
100
187
220
182
115
78
89
120
133
120
111
134
176
192
152
77
28
54
141
220
228
161
77
43
75
134
166
156
132
129
148
154
123
73
52
94
176
230
208
121
40
28
90
169
203
176
126
100
111
127
120
96
90
128
187
212
169
84
23
42
126
208
224
169
95
63
85
126
144
132
122
138
170
176
132
65
35
77
166
231
218
137
55
36
85
151
181
163
130
121
135
141
115
75
68
116
190
227
186
96
27
35
111
191
213
170
111
85
101
125
125
107
106
140
188
198
146
66
24
61
152
224
221
150
74
51
87
137
158
144
128
137
160
159
116
61
47
101
187
234
201
111
37
36
100
172
195
164
123
109
123
131
112
84
86
135
198
216
162
73
20
49
136
211
216
158
92
71
96
129
135
120
118
147
182
180
125
54
31
84
177
234
210
126
53
44
96
154
172
151
128
130
147
144
106
64
65
124
201
230
179
85
24
43
122
193
203
159
109
95
113
127
116
96
103
149
199
201
138
55
21
69
162
226
212
139
72
60
98
139
148
132
126
146
171
161
108
50
45
109
197
236
192
101
36
45
111
173
185
153
121
119
134
133
103
72
84
144
209
218
154
63
19
58
146
211
206
148
92
81
107
130
125
109
117
156
193
181
116
44
30
93
186
234
200
117
53
55
106
153
162
141
127
140
158
145
96
53
64
134
211
230
169
76
25
53
131
192
193
149
110
106
123
127
105
85
102
159
209
201
128
45
21
79
171
225
202
130
74
71
107
138
137
122
126
157
182
161
98
40
45
119
206
235
182
92
37
56
120
171
174
144
123
130
144
132
92
62
84
154
218
217
144
54
20
68
155
209
195
139
95
93
117
128
113
99
118
167
203
180
105
35
31
103
195
232
190
109
56
66
114
151
150
131
130
152
168
143
86
44
65
144
220
228
159
68
27
64
139
189
181
141
113
118
132
125
94
76
104
170
218
199
118
37
24
89
179
221
191
123
77
83
116
134
125
113
129
169
191
159
87
32
48
130
214
232
172
85
41
67
127
167
162
136
127
142
153
129
80
54
87
165
226
214
133
47
24
79
161
204
184
132
99
105
124
124
101
91
122
179
210
177
94
28
35
114
201
228
179
102
61
78
121
146
138
124
134
164
175
139
74
37
69
155
226
224
148
63
34
77
144
180
167
134
119
130
138
121
87
76
111
173
209
183
111
50
49
106
172
195
167
119
95
104
124
128
117
113
132
163
174
145
94
63
81
135
183
186
147
100
83
101
130
145
139
129
130
141
143
126
100
92
112
149
171
161
125
94
91
114
141
152
143
127
121
124
128
125
117
116
127
143
149
138
118
105
110
127
142
143
134
123
119
123
127
129
127
127
129
131
131
128
125
125
126
128
