128
128
129
130
128
126
125
126
128
126
123
121
123
131
140
143
137
125
114
111
118
128
132
130
125
126
135
146
148
135
113
96
96
113
137
152
149
136
126
127
136
139
127
104
87
93
121
157
177
169
139
110
100
110
124
126
114
101
106
136
173
191
172
125
81
66
86
122
147
147
132
125
140
166
177
154
103
55
46
83
143
187
191
160
126
115
129
143
132
94
57
56
104
175
224
219
164
99
65
76
110
130
120
97
95
131
188
224
206
138
62
26
49
108
159
172
151
129
134
162
183
166
109
46
22
58
134
200
217
183
133
104
110
131
133
105
66
54
92
164
224
231
180
106
58
59
95
130
134
115
103
123
172
213
208
151
73
25
36
94
157
184
169
139
127
144
168
165
121
60
26
50
120
194
226
200
143
99
93
114
130
117
83
64
87
150
214
234
194
118
56
45
79
125
146
134
115
120
157
198
206
162
86
28
26
79
150
193
187
152
125
129
151
159
130
76
36
45
107
185
229
214
156
99
78
96
122
125
101
77
86
137
201
232
204
131
60
34
62
116
152
152
131
122
143
181
199
169
101
37
21
65
140
196
203
168
128
116
132
148
135
92
49
45
95
172
228
226
171
104
68
77
110
129
118
94
90
126
185
225
211
145
68
28
47
103
154
168
149
128
133
163
187
172
115
49
21
53
127
195
215
185
136
107
113
133
136
106
65
50
86
158
221
233
186
113
62
60
94
128
132
113
99
120
169
213
213
158
79
27
34
89
151
180
168
139
128
146
171
170
126
63
26
45
113
188
223
201
147
103
96
116
131
118
83
60
81
144
211
235
199
125
62
46
78
122
143
132
112
117
154
199
210
168
93
32
24
74
144
188
185
153
127
130
153
163
135
79
35
40
100
178
226
216
161
104
82
98
122
125
100
74
81
132
197
233
209
138
66
36
61
112
148
149
129
120
142
182
202
175
107
40
20
60
133
191
201
169
131
118
134
151
139
95
49
41
88
166
224
227
176
110
72
79
110
128
117
91
86
122
182
225
215
152
74
31
45
99
150
165
147
127
133
164
190
177
120
52
20
48
120
189
213
186
139
110
116
136
139
108
65
47
80
152
218
234
191
119
67
62
94
126
130
110
96
115
166
214
217
165
86
31
32
84
146
176
166
138
128
147
174
174
132
67
25
40
106
182
221
203
151
107
99
118
133
119
82
57
76
138
207
236
204
132
67
49
77
119
140
129
109
114
152
199
213
174
99
35
23
69
138
183
183
153
128
132
156
166
139
83
35
36
93
172
223
217
165
109
86
100
124
126
100
72
76
126
193
233
214
145
72
39
60
109
145
146
126
117
140
182
205
181
113
44
19
55
127
186
199
170
133
121
137
154
143
98
49
37
82
159
221
228
181
115
77
81
110
128
115
89
82
116
178
225
220
159
81
34
44
95
145
161
145
125
132
164
192
182
126
57
20
44
113
183
210
187
142
114
119
139
142
111
65
44
74
145
214
235
195
126
72
65
94
125
128
108
92
111
163
213
221
171
93
34
32
80
141
172
164
137
128
147
176
179
137
71
25
36
99
176
217
204
154
111
102
121
135
121
82
55
70
132
203
236
208
138
73
51
76
117
137
126
106
110
149
198
217
181
106
39
23
65
132
179
181
153
129
133
158
170
144
87
36
32
86
165
220
218
169
114
90
102
125
126
99
69
72
120
189
233
218
152
78
42
59
106
141
143
124
115
138
181
208
186
120
49
19
51
120
180
196
170
134
123
139
158
147
101
50
34
75
152
217
228
185
121
81
84
111
127
115
87
78
111
174
225
223
166
87
38
44
92
141
158
142
123
130
164
195
187
133
61
20
39
107
177
207
187
144
116
121
142
145
114
66
41
68
138
209
235
200
132
77
67
94
124
127
105
89
107
159
212
224
178
99
38
31
76
136
168
161
136
127
148
178
183
143
76
26
32
93
169
214
204
157
115
106
123
138
123
83
52
65
125
198
236
212
145
79
54
76
115
135
124
103
107
146
197
219
187
113
44
23
61
126
174
179
152
129
134
160
174
149
91
37
29
80
158
216
218
173
118
93
104
127
128
99
67
67
114
184
232
222
159
84
46
59
103
138
141
121
112
135
180
210
192
127
53
19
47
114
175
193
170
136
124
142
161
151
105
51
31
69
145
212
228
188
126
86
86
112
128
114
85
74
106
169
223
227
172
94
42
44
89
137
154
140
121
128
163
197
192
139
66
21
36
100
171
204
187
146
119
124
145
148
117
67
38
62
131
204
234
203
137
83
70
95
123
126
103
85
102
155
211
227
184
107
43
32
73
131
164
158
135
126
148
180
187
149
81
28
29
86
163
210
204
160
119
109
126
140
125
84
50
60
118
193
235
216
151
84
58
77
114
133
121
100
103
142
196
222
193
120
49
24
57
121
169
176
151
129
135
162
178
154
95
38
26
73
151
211
218
176
123
97
107
128
129
100
65
62
108
179
231
225
165
91
49
59
101
135
138
118
108
132
179
212
197
134
59
21
43
108
169
190
169
136
126
144
164
156
109
52
29
63
138
207
228
192
131
90
89
113
128
114
83
70
100
164
222
230
179
101
46
44
86
133
151
137
119
126
162
198
197
146
71
23
32
94
165
200
187
148
121
126
148
152
120
68
36
57
124
199
233
207
143
88
73
96
123
125
101
82
97
150
209
229
190
114
48
32
70
126
160
156
133
125
147
182
192
155
86
29
26
80
156
206
203
162
122
112
129
143
128
85
48
55
112
188
233
219
157
90
61
78
113
131
119
97
99
138
194
224
199
127
54
25
54
116
164
173
150
129
135
164
182
160
100
40
24
67
144
206
217
178
127
101
110
131
131
101
64
58
101
174
229
228
171
97
53
60
99
133
135
115
105
129
177
214
203
141
64
22
40
103
164
187
168
137
127
145
167
160
114
55
27
57
131
202
226
194
136
94
92
115
129
114
81
66
94
159
219
232
185
108
51
45
84
130
148
134
116
124
161
200
202
152
77
24
30
88
159
196
186
149
123
129
150
156
124
71
35
51
117
194
231
209
148
93
77
97
123
124
100
78
92
145
207
231
196
121
53
34
67
122
156
153
131
123
147
183
196
161
91
32
23
74
149
201
202
164
125
115
132
146
131
87
47
50
105
182
231
222
162
96
65
79
112
130
117
94
94
133
191
225
204
134
60
26
52
111
160
170
148
128
135
165
185
165
106
43
22
61
137
201
216
180
131
104
113
133
133
102
63
54
95
168
226
230
177
104
58
61
98
130
133
113
102
125
175
215
207
148
70
24
38
97
158
183
167
137
128
147
171
165
118
57
25
52
124
197
225
197
140
99
95
117
131
115
80
62
89
153
217
234
191
115
56
46
82
126
145
132
113
121
159
201
206
159
83
27
29
83
152
190
182
149
125
130
151
156
128
80
46
58
113
178
212
197
148
104
90
105
124
125
106
89
98
136
182
201
179
128
81
67
87
121
143
141
128
124
138
160
169
150
111
77
71
97
135
162
163
146
127
123
131
137
130
111
94
95
116
146
165
162
142
119
108
112
123
128
124
117
117
128
143
151
146
131
114
108
113
124
132
134
130
127
128
132
134
132
126
121
120
123
128
130
130
129
128
