128
128
129
129
127
126
127
128
127
123
119
121
130
139
141
135
125
121
124
128
126
117
111
117
135
152
153
138
120
112
118
127
125
114
107
118
144
166
164
138
110
99
110
125
126
113
106
121
154
178
171
134
96
85
103
126
131
117
109
127
164
189
174
125
79
69
97
130
140
125
114
133
172
195
172
112
60
55
94
139
153
136
121
138
177
197
165
96
41
42
96
153
170
148
127
140
177
194
155
78
23
35
104
170
188
159
130
136
169
181
140
67
21
43
118
186
200
165
129
129
156
166
127
60
24
55
134
202
210
167
123
118
142
152
117
58
30
69
151
215
216
165
114
104
128
140
111
60
41
85
167
226
218
158
101
90
115
132
109
66
54
101
181
233
216
147
87
76
105
127
112
76
69
117
193
236
209
134
71
63
98
127
118
88
84
131
200
234
198
118
56
53
95
132
129
102
99
142
204
228
184
101
42
46
96
140
141
116
111
149
203
218
168
85
30
43
102
152
155
130
120
152
198
205
152
70
23
44
112
166
170
141
126
150
189
191
136
58
19
50
125
181
183
149
127
145
177
175
121
49
20
60
140
196
194
153
124
135
163
160
109
45
25
74
156
210
202
153
117
123
149
147
101
45
34
89
173
222
205
148
107
110
135
137
97
49
46
106
188
231
205
140
93
95
123
130
97
58
61
122
201
235
200
128
78
82
114
127
102
69
77
137
210
235
191
113
63
70
109
129
110
82
92
150
216
231
178
97
49
62
108
135
122
97
106
159
216
223
163
80
36
57
111
145
135
111
117
164
213
211
146
65
27
57
119
157
149
123
125
165
206
197
130
51
22
61
130
172
163
133
129
162
195
181
114
41
21
69
144
187
175
140
128
154
182
165
101
35
24
81
160
201
184
142
124
144
167
151
90
33
32
95
176
214
190
140
115
131
153
138
84
35
43
112
192
224
191
133
103
116
140
129
82
42
57
129
206
230
188
123
89
103
129
124
85
52
73
145
217
232
181
110
74
90
121
123
91
65
89
159
224
230
170
94
60
80
118
127
101
80
104
170
227
223
156
78
47
74
119
135
114
94
117
177
225
212
140
62
36
71
124
146
128
108
127
180
219
199
123
48
29
73
133
159
142
120
133
179
210
183
107
36
26
79
146
174
155
128
135
173
197
167
92
28
28
89
161
188
165
133
133
164
183
151
80
25
34
103
177
202
173
133
126
152
168
137
72
25
44
119
193
213
176
129
116
138
154
126
68
30
57
135
207
221
175
121
103
124
141
119
68
39
72
152
219
224
170
109
89
111
132
116
73
51
88
167
228
224
161
95
75
100
126
117
81
65
105
180
233
218
148
79
61
91
125
122
92
81
119
189
233
209
133
63
49
87
127
131
106
95
131
194
229
197
116
48
41
86
135
143
120
108
140
195
221
182
100
36
36
90
145
157
134
119
144
191
209
165
84
26
36
99
159
172
146
126
144
184
195
149
71
21
40
111
174
186
155
128
140
173
180
134
61
20
48
125
190
198
160
127
132
160
165
121
55
23
60
142
205
207
162
121
120
146
151
112
53
31
75
158
218
212
159
111
107
132
140
106
55
42
91
174
228
214
152
99
93
119
132
105
62
55
108
188
234
210
141
84
79
109
128
108
72
70
124
199
236
203
127
68
66
102
128
115
85
86
137
206
234
192
111
53
56
100
133
126
99
100
148
209
227
177
94
40
50
102
141
138
113
112
154
207
217
161
78
29
48
108
153
153
126
121
157
201
204
145
63
22
50
118
167
167
137
127
155
192
188
129
52
19
56
131
183
180
145
128
149
180
173
114
44
20
67
147
198
190
149
124
139
166
158
103
40
26
81
163
212
197
148
117
127
151
145
95
41
36
96
179
223
200
143
106
113
138
135
92
46
49
113
194
231
199
134
92
99
126
128
92
55
64
130
207
235
194
121
77
85
117
126
97
66
80
144
215
234
184
106
62
74
113
128
106
80
95
157
220
229
171
90
48
66
112
135
118
95
109
166
220
220
155
74
36
62
116
145
131
109
120
170
216
208
139
59
28
62
124
157
146
121
127
170
208
193
122
46
23
67
135
172
159
131
131
166
197
177
107
36
23
76
150
187
171
137
130
159
183
161
94
31
27
88
166
201
180
138
125
147
169
147
84
29
35
103
182
214
185
136
116
134
154
135
78
33
47
119
197
223
186
129
104
120
141
126
77
40
61
136
211
228
182
118
90
106
131
121
80
51
77
152
221
230
174
105
75
94
124
121
87
64
93
166
228
226
163
89
60
85
121
125
97
79
108
177
230
219
148
73
48
79
122
133
110
93
121
183
227
208
132
57
38
77
128
144
124
107
131
186
221
194
115
44
31
79
138
158
138
118
137
184
211
178
99
33
29
86
150
172
150
126
138
178
198
162
85
25
32
97
165
187
161
131
135
168
183
146
73
22
38
110
181
200
168
130
128
156
168
132
65
24
49
126
197
211
171
126
118
142
154
122
62
29
62
143
211
218
169
117
105
128
142
115
63
39
78
160
223
221
164
106
91
115
133
112
68
51
94
174
231
219
154
91
77
104
127
113
77
66
110
187
235
214
141
76
63
96
126
119
89
81
125
195
234
204
126
60
52
92
130
129
102
96
136
200
229
191
109
45
44
92
137
141
116
109
145
200
220
176
92
33
40
97
148
155
130
119
149
196
208
159
77
24
41
105
162
169
142
125
148
188
194
143
64
20
45
118
177
183
151
128
143
176
179
128
54
19
54
133
192
195
156
126
135
163
164
115
49
23
67
149
207
203
157
119
123
149
150
106
48
31
82
166
220
208
153
109
110
135
139
101
51
43
98
181
229
209
145
97
95
123
131
100
58
57
115
195
235
205
134
82
82
113
128
104
69
72
130
205
236
197
120
66
70
107
128
111
82
88
144
212
233
185
104
52
60
105
133
122
96
102
154
214
226
170
87
39
54
107
142
135
110
114
160
211
215
154
71
28
53
114
154
149
123
123
162
205
201
137
57
22
56
124
169
163
134
128
159
195
186
121
46
20
63
138
184
176
141
128
153
182
170
107
39
22
74
153
199
186
144
124
143
168
155
96
36
28
88
170
212
193
143
116
130
154
142
89
37
39
104
186
223
195
138
105
116
140
132
86
43
52
121
200
230
193
128
92
102
129
126
87
52
67
137
212
233
187
116
77
89
121
125
93
64
83
152
220
232
177
101
62
79
116
127
102
78
99
164
224
226
164
84
48
71
116
134
114
93
112
172
224
217
148
68
37
67
120
144
128
107
123
176
219
204
131
53
29
68
129
157
142
119
130
176
210
189
114
41
25
73
141
172
155
128
133
171
199
173
99
32
25
83
155
187
167
134
132
163
185
157
87
27
30
95
171
200
175
135
126
152
170
143
77
28
41
111
185
208
176
132
118
137
153
130
79
43
62
127
190
205
170
125
109
125
139
124
85
61
82
140
191
197
161
118
102
116
131
122
94
78
99
147
186
186
151
112
99
112
127
123
104
95
113
150
177
172
140
108
99
111
126
126
114
108
122
148
165
158
132
108
103
114
127
129
121
118
127
143
152
145
127
112
110
119
128
130
126
124
129
136
139
134
126
120
120
125
128
129
128
127
128
128
