128
128
129
129
127
127
129
129
124
119
119
127
136
137
131
127
130
136
132
118
106
110
126
140
140
131
128
138
146
137
113
95
101
125
141
138
127
130
149
160
144
108
85
95
124
139
130
119
131
162
176
151
105
80
94
123
132
116
107
132
175
191
158
105
80
97
125
123
98
93
132
187
204
164
106
85
107
128
112
77
76
131
197
213
167
110
97
123
134
99
54
59
128
202
215
166
115
115
144
142
87
32
45
124
200
207
158
122
137
167
151
82
24
41
121
188
188
146
128
158
188
159
80
22
42
119
174
167
132
132
176
206
167
81
25
48
118
159
143
116
134
192
220
173
84
33
59
118
143
118
99
135
203
230
177
90
46
74
121
127
94
83
134
210
234
178
97
63
92
126
113
72
68
131
212
233
177
104
83
113
132
101
52
56
128
209
226
172
112
105
135
140
91
37
47
125
203
213
163
120
127
158
148
85
27
41
121
193
197
152
126
149
180
157
81
22
41
118
180
176
138
130
169
199
165
81
23
45
117
165
153
122
133
185
215
172
83
29
54
117
149
128
106
134
198
226
177
88
41
67
119
133
104
89
134
207
233
179
95
56
84
123
119
81
74
132
211
234
179
102
75
104
129
106
60
60
128
210
229
175
110
96
126
137
95
43
49
125
205
219
168
117
118
149
145
88
31
42
121
196
204
157
124
140
171
154
83
24
40
118
185
185
144
129
161
191
162
82
22
42
116
171
163
129
132
178
209
170
83
27
49
116
155
139
113
134
193
223
176
87
36
60
118
139
114
96
133
203
231
179
93
50
76
121
124
90
79
132
209
234
180
100
67
95
127
111
68
65
129
210
232
178
107
88
117
134
100
50
53
125
207
224
172
115
109
139
142
91
36
44
122
200
211
163
121
131
162
151
85
26
39
118
189
193
150
127
152
183
160
83
23
40
116
176
172
136
131
171
202
168
83
24
45
115
161
149
119
133
187
218
175
86
32
55
116
146
124
102
133
199
228
179
91
44
69
119
131
100
86
132
206
234
181
98
60
87
124
117
77
70
129
209
234
180
105
79
107
131
104
57
56
126
208
228
175
112
100
130
139
95
41
46
122
202
217
167
119
122
153
148
88
30
40
118
193
201
156
125
144
175
157
85
24
38
116
181
181
142
129
163
195
166
84
23
41
114
167
159
126
132
180
212
173
86
28
49
115
152
134
109
132
194
225
179
90
39
62
117
137
110
92
132
203
233
182
96
53
79
122
122
86
76
129
208
235
182
103
71
98
128
109
65
61
126
208
231
178
110
92
120
136
99
47
49
122
204
222
172
117
113
143
144
91
34
41
119
197
208
162
123
135
166
154
87
26
38
116
186
190
149
127
155
187
163
85
23
39
114
172
168
133
131
173
206
171
86
26
45
114
158
145
116
132
188
220
178
89
34
56
115
143
120
99
131
199
230
182
94
47
71
119
128
96
82
129
206
235
183
101
64
90
125
115
73
66
126
208
234
181
108
83
111
132
103
54
53
123
206
227
176
115
104
134
141
95
39
44
119
199
215
167
121
126
157
151
89
29
38
116
190
198
155
126
147
179
160
86
24
37
113
177
178
140
129
166
199
169
86
25
41
113
163
155
123
131
182
215
176
89
31
50
114
149
130
106
131
195
227
182
93
42
64
117
134
106
88
129
203
234
184
99
57
81
122
120
82
72
127
207
235
183
106
75
102
129
108
62
58
123
206
231
179
113
96
124
138
99
45
46
119
202
221
171
119
117
148
147
92
33
39
116
193
206
160
124
138
170
157
88
26
36
113
182
187
147
128
158
191
166
87
24
39
112
169
164
130
130
175
209
174
88
28
46
112
154
140
113
131
189
223
181
92
37
57
115
140
116
95
130
199
232
184
97
50
73
119
126
92
78
127
205
235
185
104
67
93
126
113
70
63
124
206
233
182
111
87
115
134
103
52
50
120
203
225
176
117
108
138
144
95
37
41
116
196
212
166
122
130
161
153
90
28
36
113
186
195
153
127
150
183
163
88
24
36
111
174
174
137
129
168
202
172
89
26
42
111
160
150
120
130
184
218
179
91
33
52
113
145
126
102
130
195
229
184
96
45
66
117
131
102
85
127
203
235
186
102
60
84
123
118
79
68
124
206
235
185
109
79
105
131
107
59
54
120
204
229
180
115
100
128
140
98
43
44
116
199
218
171
121
121
152
150
93
32
37
113
190
203
159
125
142
174
160
89
26
35
111
179
183
144
128
161
195
170
89
25
38
110
165
160
128
130
177
212
178
91
30
46
111
151
136
110
129
190
225
184
95
40
59
114
137
111
91
128
199
233
187
101
54
76
120
124
88
74
125
204
236
187
107
71
96
127
112
67
59
121
204
232
183
113
91
119
136
102
49
47
117
201
224
176
119
112
142
146
95
36
39
113
193
210
165
124
133
165
157
91
28
35
110
183
191
151
127
153
187
167
90
25
36
109
170
170
135
129
171
206
175
91
28
42
110
157
146
117
129
185
221
182
94
35
53
112
142
122
99
128
196
231
187
99
48
68
117
129
98
81
125
202
235
188
105
64
87
124
117
75
65
121
204
235
186
111
83
109
132
106
56
51
117
202
228
180
117
104
132
142
99
41
41
113
196
216
170
122
125
156
153
93
31
35
110
187
199
157
126
145
178
163
91
26
34
108
175
179
142
128
163
198
173
91
26
38
108
162
156
124
129
179
215
181
94
32
47
110
148
132
106
128
191
227
186
98
43
61
114
134
107
88
125
199
234
189
104
57
79
121
122
84
71
122
203
236
188
110
75
100
129
111
64
56
118
202
231
183
116
95
123
138
102
47
44
114
198
222
175
121
116
146
149
96
35
36
110
190
207
163
125
137
169
160
93
28
33
108
179
188
149
128
156
191
170
92
26
35
107
167
166
132
129
173
209
179
94
30
43
108
153
142
114
128
186
223
185
97
38
55
112
140
117
95
126
196
232
189
102
51
71
117
127
94
77
122
201
236
190
108
68
91
125
115
72
61
118
202
234
187
114
87
113
134
106
54
48
114
199
226
180
119
108
137
145
99
40
38
110
193
213
169
124
128
160
156
95
30
33
107
183
196
155
127
148
182
167
93
26
33
106
172
175
139
128
166
202
176
94
28
39
107
158
152
121
128
180
218
184
97
34
49
109
145
128
102
126
192
229
189
101
46
63
114
132
103
84
123
199
235
191
107
61
82
121
120
81
67
119
201
236
189
112
79
103
130
110
61
52
115
200
230
184
118
99
127
141
102
45
41
111
195
219
174
123
120
150
152
97
34
34
107
187
204
162
126
140
173
163
94
28
32
105
176
184
146
128
158
194
173
94
27
35
105
163
162
129
128
174
212
182
96
32
43
107
150
138
110
127
187
225
188
100
41
56
112
137
114
93
124
191
226
186
107
62
80
119
125
95
81
121
188
217
179
114
83
101
127
117
84
76
119
180
202
169
120
103
120
134
113
79
75
117
170
186
158
124
118
135
139
112
80
80
117
159
168
147
126
129
144
141
114
87
88
118
148
152
137
127
136
147
142
117
96
99
121
139
139
130
128
137
145
139
121
108
111
124
132
131
126
127
135
139
134
125
119
121
126
128
127
126
127
129
129
