128
128
130
130
128
125
124
125
127
128
126
125
127
133
139
138
130
117
108
111
124
139
146
142
130
122
121
126
128
123
113
110
121
142
160
160
139
109
90
93
116
141
152
146
132
126
131
139
136
116
93
86
106
146
180
184
154
110
80
82
109
136
145
136
126
131
150
165
154
115
71
56
84
142
192
203
169
118
84
85
109
129
128
112
108
131
173
199
182
123
57
29
59
129
192
209
177
128
100
105
124
128
106
78
78
121
186
227
210
140
61
24
50
115
172
188
164
132
123
138
151
137
94
53
52
104
181
232
222
156
80
41
58
108
149
157
139
125
138
167
181
155
94
38
31
84
166
224
222
167
101
67
78
111
132
126
108
109
142
189
209
176
104
37
21
69
148
206
210
168
118
96
107
126
125
100
76
85
136
199
228
197
120
47
24
62
131
181
187
157
127
123
140
150
129
84
49
60
121
197
236
210
137
65
39
67
119
156
156
136
126
143
171
178
142
79
32
40
103
184
230
214
151
88
64
83
118
134
124
107
115
152
196
205
161
86
27
27
87
166
213
205
156
109
94
110
127
122
95
76
95
151
209
225
181
100
35
27
77
146
188
184
150
123
124
142
146
120
75
49
72
140
210
236
196
118
53
40
78
131
161
155
133
128
148
174
172
128
66
29
51
123
200
233
202
134
77
63
90
124
135
122
108
121
162
200
198
144
69
22
37
105
182
218
197
144
101
94
113
128
118
91
79
106
165
217
219
163
81
27
34
93
161
193
179
143
120
125
143
142
110
67
51
86
158
221
232
180
100
44
44
89
142
164
152
131
130
153
175
164
114
54
30
65
143
213
232
189
118
68
65
97
130
136
120
110
129
172
203
188
127
54
19
49
125
196
219
187
131
94
94
116
128
113
87
83
119
179
222
210
144
64
22
44
110
173
196
173
136
117
127
143
137
101
61
55
101
175
229
224
162
82
37
50
102
151
166
149
129
133
157
174
154
100
45
33
81
162
224
227
173
102
61
69
105
134
135
118
113
138
180
202
177
109
41
21
65
144
208
217
175
119
89
96
119
127
109
85
89
132
192
224
198
125
49
21
56
127
184
195
166
129
116
129
143
130
92
57
63
118
191
234
214
142
66
34
59
115
159
166
145
128
136
161
171
143
86
38
40
99
180
231
219
156
88
57
74
113
138
134
117
117
146
187
200
163
91
31
26
82
163
216
212
162
108
86
99
122
125
105
85
97
146
202
222
183
105
37
23
71
144
193
193
157
123
115
131
141
123
83
56
73
135
205
235
200
123
53
34
70
128
166
165
141
128
140
164
167
131
73
35
50
118
197
235
208
139
75
55
81
121
141
132
116
122
155
192
194
147
75
25
34
101
180
222
204
149
98
84
103
125
123
101
86
106
159
210
218
167
86
28
29
87
159
199
189
149
117
116
133
139
115
76
57
85
152
217
232
184
103
42
37
83
141
171
162
137
128
144
165
161
118
62
34
63
138
211
234
195
122
65
56
89
129
143
130
116
127
163
195
186
131
60
21
46
120
195
224
194
135
90
85
107
127
120
98
89
117
172
216
210
148
68
22
38
105
174
203
182
140
113
117
134
135
107
70
60
99
169
225
226
166
85
34
43
96
152
174
159
134
129
147
165
153
105
52
36
78
157
222
231
179
105
57
60
98
135
144
128
117
134
171
195
176
114
47
22
61
140
208
223
182
122
84
86
112
128
117
95
93
129
184
218
199
129
53
19
51
123
186
203
174
131
110
118
135
131
99
66
66
114
185
231
216
147
68
30
52
111
162
175
155
131
130
151
164
144
93
45
42
96
176
230
224
162
89
51
65
108
141
144
126
120
141
177
193
163
97
36
26
77
159
218
219
169
109
79
89
116
128
114
94
100
141
194
218
185
110
40
21
65
140
196
202
165
123
108
120
135
125
92
64
75
131
199
233
203
127
54
29
63
125
170
175
150
128
132
153
161
133
81
41
51
114
193
235
213
144
75
48
72
118
146
143
125
123
148
182
189
149
81
29
33
96
177
225
212
154
97
76
93
121
128
111
94
107
153
203
214
170
91
29
26
82
157
204
197
155
116
107
123
134
120
85
64
85
147
211
231
188
108
42
31
76
139
177
172
144
126
135
155
157
122
70
39
63
133
207
236
200
126
63
48
81
127
149
141
124
126
155
186
183
134
66
25
44
115
193
228
202
139
87
75
98
124
127
108
96
116
165
209
208
152
73
22
34
99
173
208
191
145
110
107
125
133
113
80
66
98
163
220
226
171
89
33
36
90
152
181
169
139
125
138
156
151
111
60
41
77
152
219
233
185
108
53
51
91
136
152
139
123
131
162
187
174
118
53
24
57
135
207
228
189
124
79
76
104
128
125
106
99
126
176
212
198
134
57
19
46
118
187
210
183
134
105
108
127
130
107
75
71
112
179
227
217
152
71
27
45
106
164
184
164
134
125
140
156
143
99
53
45
93
171
229
227
167
91
46
56
102
143
153
136
123
136
168
186
163
102
42
27
73
155
218
224
175
110
73
79
110
130
123
104
103
137
186
212
186
115
43
19
60
137
198
209
173
125
101
110
128
127
100
73
78
127
193
229
206
132
56
25
56
121
174
184
158
130
125
143
154
135
88
48
53
110
188
234
217
149
75
42
64
113
150
153
134
124
142
173
183
151
87
34
33
91
173
226
218
160
97
69
84
116
132
121
103
109
147
194
210
172
96
32
23
76
155
207
206
162
115
99
112
129
123
95
72
87
142
205
229
191
112
42
26
69
136
182
182
152
126
127
145
151
125
78
46
63
128
203
236
205
130
62
42
73
124
155
151
132
126
148
176
178
137
72
29
43
111
190
231
208
144
85
67
89
121
133
119
104
116
158
201
205
155
78
24
31
94
171
213
199
150
107
98
115
129
119
89
73
98
157
214
225
175
93
32
31
84
151
188
179
145
123
128
146
147
115
69
46
76
147
216
235
190
111
51
44
84
135
159
149
130
129
153
178
171
123
59
27
55
130
205
232
196
128
75
67
96
126
133
116
105
124
168
205
196
138
62
20
42
113
187
216
191
138
100
98
118
129
114
85
77
110
172
221
217
156
75
26
39
100
164
191
174
139
121
130
147
142
105
61
50
90
165
226
229
173
93
43
48
96
144
161
147
128
132
158
178
162
108
48
29
70
150
217
229
182
112
68
70
103
131
132
115
108
133
178
206
186
120
48
19
55
132
199
216
180
127
95
99
120
128
109
82
82
123
186
225
207
137
58
22
49
117
176
192
167
132
119
132
147
135
95
56
56
107
182
232
221
154
77
38
56
108
153
162
144
127
136
163
177
151
93
40
34
88
169
226
223
166
97
62
74
110
135
131
113
112
142
186
205
173
101
36
22
71
151
210
213
169
116
91
102
123
126
105
84
92
137
192
216
186
118
55
37
72
132
176
180
154
127
121
133
141
128
96
73
82
125
177
203
184
132
84
67
87
123
148
149
135
127
135
150
153
134
101
77
82
116
158
180
170
138
107
96
106
123
132
128
121
123
137
152
154
138
112
93
95
115
140
154
151
135
122
117
122
127
126
121
118
122
132
142
144
136
123
114
114
122
130
134
133
129
127
127
128
128
127
126
127
