128
128
129
129
127
125
126
127
127
124
121
125
133
141
140
130
118
113
118
128
132
129
125
129
140
147
139
118
100
99
118
141
150
142
129
126
133
138
127
105
90
102
136
167
171
147
116
103
112
126
124
109
102
121
159
184
171
126
83
73
99
134
147
136
125
135
161
173
146
93
54
64
117
171
187
161
127
117
132
142
120
78
58
90
159
213
209
153
91
71
95
125
126
102
94
129
190
223
189
107
37
34
89
151
171
149
128
139
173
183
139
65
22
50
131
203
214
169
118
104
124
137
112
67
53
100
181
234
215
140
71
55
90
129
133
110
104
140
196
218
173
88
27
36
102
166
182
155
129
137
165
169
124
57
25
65
150
216
216
161
106
93
116
131
110
72
66
117
194
235
204
122
55
49
92
136
142
120
114
148
196
207
155
72
21
43
117
181
191
157
126
131
156
156
112
52
33
82
169
226
214
150
93
83
109
128
111
80
80
133
204
232
189
104
42
46
99
146
152
129
122
151
192
194
137
58
19
54
134
196
198
156
121
123
145
145
103
51
43
101
186
233
208
136
78
73
105
128
115
89
94
146
209
226
172
85
31
47
108
158
162
137
126
152
185
180
120
47
21
68
152
209
202
152
112
113
136
136
98
54
56
119
200
236
198
120
64
66
105
132
122
99
107
157
211
215
153
68
24
52
121
172
172
142
128
149
176
165
106
40
27
85
171
220
202
144
101
103
127
129
96
61
71
137
212
235
185
102
51
61
108
139
131
110
117
163
209
202
135
53
20
61
136
186
180
144
126
143
165
151
94
38
37
103
188
228
198
132
89
94
121
126
98
70
87
152
219
229
169
84
39
60
115
148
141
119
126
167
203
187
116
41
21
73
153
199
185
142
120
135
154
139
86
39
50
122
204
232
190
118
76
85
117
126
102
80
101
165
223
219
150
67
31
63
124
160
151
127
131
166
194
171
100
32
26
89
171
210
187
138
112
125
144
129
81
45
65
141
216
232
178
102
63
79
117
130
110
92
115
175
222
207
131
51
27
70
137
172
159
132
132
162
183
155
86
28
35
107
188
218
185
129
102
115
135
123
80
53
82
158
225
228
164
85
52
76
120
137
119
103
126
181
217
191
112
38
26
81
152
184
166
134
130
156
171
141
75
28
48
126
204
224
180
118
91
106
129
119
83
64
98
173
230
219
146
68
43
77
127
146
128
113
135
183
209
175
94
28
29
94
168
196
170
132
125
147
159
128
68
32
63
145
217
225
170
104
79
99
125
120
89
76
114
185
231
207
128
53
37
81
137
156
138
121
140
181
198
157
78
23
37
111
185
205
171
127
117
138
148
118
64
40
80
163
227
222
157
89
68
94
125
123
97
89
128
193
228
192
108
39
35
89
149
167
146
126
141
176
186
141
66
21
49
129
200
211
168
119
108
128
139
111
65
50
97
180
233
215
142
73
58
92
128
129
106
101
140
198
220
175
90
29
37
101
163
178
152
128
139
169
172
125
56
24
63
148
214
214
161
108
97
119
132
108
69
63
115
193
236
205
124
58
51
94
135
138
116
112
148
198
210
157
73
22
43
115
178
188
155
127
134
160
159
113
51
31
80
167
225
213
151
95
86
112
128
109
76
77
131
204
234
191
106
44
48
99
144
148
126
120
153
195
197
139
58
19
53
132
193
195
155
122
126
149
147
103
49
41
98
184
232
208
137
81
77
108
128
112
85
91
145
210
227
174
87
33
48
108
156
158
134
126
154
189
183
122
47
20
66
150
206
199
151
114
117
139
137
97
52
54
117
199
236
199
122
67
69
106
131
119
96
104
156
213
218
155
70
25
52
120
169
168
139
128
151
180
168
107
40
26
83
169
218
200
144
104
107
130
130
94
57
68
135
211
235
186
104
54
64
109
137
127
106
116
164
211
205
137
54
21
60
134
182
176
142
127
146
169
154
94
37
35
101
186
226
197
133
92
97
123
126
95
66
84
151
219
230
170
86
42
62
114
146
137
116
125
168
206
190
118
41
21
72
151
195
182
142
122
138
158
141
85
37
48
120
202
231
190
120
79
89
119
125
99
77
99
165
223
221
152
69
33
64
123
157
147
124
130
169
197
174
101
32
25
87
168
207
185
138
115
129
147
130
80
42
63
139
215
232
179
104
66
82
118
128
106
88
113
175
223
209
133
53
28
70
136
169
156
130
133
165
187
158
86
28
34
105
186
216
184
130
105
119
138
123
78
50
79
157
225
228
165
88
55
79
120
134
115
100
125
182
219
194
114
39
27
80
150
181
163
133
132
159
175
143
75
27
46
124
201
222
179
119
94
110
131
119
80
60
96
172
230
220
148
71
46
79
126
142
124
110
134
185
212
177
96
29
29
93
166
192
167
132
127
151
163
129
67
30
61
143
215
224
170
106
82
102
126
118
85
73
112
185
232
209
130
55
39
82
135
153
134
119
140
184
201
160
79
23
36
109
182
202
169
128
120
142
151
118
63
37
77
161
226
222
158
92
71
97
125
121
93
86
127
194
229
194
110
41
36
89
147
164
142
125
142
180
189
143
66
21
47
127
197
209
167
121
111
132
141
111
63
48
95
178
233
216
143
76
62
94
128
126
102
98
139
199
223
178
92
30
38
100
161
175
149
128
141
172
176
127
56
23
61
146
211
212
161
110
101
123
133
107
66
60
113
193
236
206
126
61
54
95
133
135
112
109
148
200
213
159
74
22
43
114
175
184
153
127
137
163
162
113
50
29
78
165
223
212
151
98
90
115
129
107
73
74
130
204
234
192
108
47
50
99
142
144
122
119
154
198
200
141
59
19
52
130
190
192
154
123
130
153
150
103
47
38
96
182
231
207
139
84
80
110
128
110
81
88
144
211
229
176
89
35
49
107
153
154
130
125
156
192
186
124
48
20
65
148
204
197
151
116
121
143
139
96
49
51
115
198
235
199
123
70
72
108
130
115
92
102
156
214
220
158
71
27
53
119
166
164
137
128
154
183
171
108
39
25
81
166
215
198
144
107
111
134
131
92
54
66
133
210
235
187
106
57
67
109
135
123
102
114
165
213
207
139
56
22
60
133
179
173
140
128
149
173
156
95
35
33
99
184
224
196
134
95
101
126
126
93
63
81
150
219
231
172
89
45
64
114
143
133
113
124
170
208
192
120
42
21
72
149
192
179
141
124
142
162
143
85
36
46
118
200
230
190
121
82
92
121
125
96
73
97
164
224
222
154
71
36
66
123
154
143
121
130
171
201
176
102
33
25
86
166
204
182
137
117
133
151
131
79
40
60
137
214
231
180
106
70
86
119
126
102
85
111
175
225
211
135
55
30
71
134
165
152
128
134
168
190
160
87
27
33
103
183
213
182
131
108
123
141
123
76
47
77
155
224
228
166
90
60
83
121
131
112
99
124
178
212
188
117
52
42
87
145
169
154
131
132
155
167
141
87
51
66
123
179
193
163
123
107
118
131
121
95
83
107
154
189
183
140
97
83
102
126
134
124
117
131
156
169
152
114
84
84
112
142
153
142
129
128
138
141
129
107
95
105
132
153
155
140
122
117
122
128
125
117
115
124
138
146
142
128
117
115
122
128
130
128
127
129
132
132
129
126
124
126
127
