128
128
129
129
127
127
128
128
124
120
122
131
139
139
130
122
123
128
127
118
112
121
140
152
145
126
114
118
126
125
113
109
126
153
164
146
116
102
112
126
124
111
111
137
168
172
140
101
90
109
129
126
112
116
150
181
173
126
81
79
111
137
132
116
125
163
189
166
105
61
72
118
149
140
121
134
174
191
150
79
43
73
134
165
148
126
141
179
184
128
53
31
83
157
183
155
128
144
179
171
102
31
31
105
183
197
156
125
141
169
150
80
25
48
134
204
202
149
117
133
156
130
65
29
72
164
221
199
137
105
124
143
115
57
41
100
191
230
188
119
92
115
133
105
58
59
130
213
230
170
97
78
109
128
101
64
81
158
228
222
146
75
68
107
128
103
76
105
181
234
205
118
55
63
112
133
110
91
127
198
230
180
89
39
65
122
142
119
105
145
206
218
152
62
30
74
137
154
128
118
157
207
199
122
40
29
91
156
166
136
126
163
200
176
93
25
37
113
176
176
139
130
163
188
150
69
19
54
140
195
181
138
128
158
172
126
51
23
78
167
210
181
131
121
149
155
106
41
35
106
194
219
173
119
112
139
140
91
40
54
137
215
220
159
102
101
130
128
82
46
79
166
230
212
138
84
91
124
122
81
60
106
191
236
196
114
67
85
122
120
85
77
132
210
233
173
87
52
84
126
124
94
96
155
221
221
145
62
44
90
135
132
105
113
172
222
201
115
41
42
102
149
142
116
128
182
216
176
85
26
49
120
165
151
124
138
185
202
148
60
20
64
143
180
158
129
142
181
184
120
40
23
86
168
194
161
128
140
173
163
95
29
35
114
191
203
157
122
134
161
143
76
27
55
143
212
205
148
111
126
148
125
64
34
81
173
226
199
132
98
116
137
112
60
48
110
199
232
185
112
83
108
130
106
63
67
139
218
230
164
89
71
104
128
105
72
90
165
230
218
138
66
62
105
130
109
84
112
185
232
198
109
47
60
113
138
117
99
132
199
226
172
80
33
64
126
149
126
112
148
204
211
142
54
27
77
143
162
135
122
157
202
191
113
35
29
96
164
173
141
128
160
193
167
85
23
41
121
184
182
142
128
158
180
142
64
20
60
148
203
185
138
124
151
164
120
49
27
86
176
216
182
128
115
141
148
102
42
41
116
202
223
171
113
104
131
135
90
44
63
146
221
220
154
95
93
124
126
84
53
88
174
233
210
131
76
84
120
122
86
68
114
197
236
191
105
59
80
122
124
92
85
139
213
230
165
78
46
82
128
130
102
103
159
220
215
136
54
39
91
140
140
112
119
173
219
193
105
34
41
106
156
150
122
131
180
209
166
77
22
51
127
173
159
128
138
181
194
139
53
19
69
151
188
164
130
139
175
175
112
37
26
94
176
201
164
126
135
165
155
90
29
41
123
200
207
157
117
127
153
136
74
30
63
153
219
206
144
105
118
141
121
65
39
90
181
230
197
126
90
109
132
111
64
56
119
205
234
180
104
75
103
128
108
69
76
147
222
227
157
80
64
101
128
109
79
98
171
230
213
129
58
57
105
134
116
92
119
188
230
190
100
40
57
115
144
124
106
137
199
220
163
71
28
65
131
156
134
117
150
201
204
133
47
25
80
151
170
141
125
156
196
182
104
30
31
102
172
181
145
128
156
186
158
79
21
45
129
193
188
143
126
152
171
135
60
22
67
158
210
188
136
118
143
156
114
48
32
95
185
221
182
123
108
134
142
99
45
49
125
209
225
168
106
96
125
131
90
49
71
155
226
220
148
87
86
119
125
88
60
97
181
235
206
123
67
78
118
124
91
76
122
201
235
184
96
51
77
122
129
99
93
145
214
225
157
69
40
81
132
137
109
110
163
218
208
127
46
37
93
146
147
120
124
174
214
184
97
29
41
111
163
157
127
133
178
202
157
70
20
54
134
181
165
131
137
175
186
130
48
20
75
160
196
168
130
135
168
167
106
35
30
102
185
207
165
123
129
157
148
86
30
47
132
208
211
156
112
120
146
131
73
35
71
162
225
207
140
97
110
135
119
67
46
99
189
233
195
119
82
102
129
112
68
64
128
211
233
175
95
68
98
127
111
76
85
154
225
224
149
71
57
99
130
115
87
106
175
230
206
120
50
53
106
139
123
100
125
190
226
182
90
34
56
119
151
132
112
140
197
214
154
63
25
67
137
164
141
122
150
197
195
124
41
25
85
159
177
147
127
154
190
173
96
27
34
110
181
187
148
127
151
178
150
74
22
51
138
201
192
143
122
145
163
128
57
25
75
167
217
190
133
112
136
149
110
49
38
104
194
226
181
118
100
126
137
98
49
57
134
215
226
164
99
88
119
128
92
56
80
163
230
217
141
78
79
115
125
92
68
106
187
236
200
115
59
73
117
127
98
84
130
204
232
176
87
44
74
124
134
107
101
150
214
219
148
61
36
82
137
144
117
116
165
215
200
117
39
35
97
153
155
126
127
173
208
175
88
25
43
117
172
164
132
133
174
195
148
63
19
59
142
189
170
133
134
169
177
122
45
22
83
169
203
171
129
130
160
159
100
35
35
111
194
212
165
119
122
149
141
83
33
55
141
215
213
153
106
112
139
127
73
40
80
171
229
206
134
90
103
130
117
70
54
108
196
235
191
111
74
96
126
113
74
72
136
215
232
168
87
60
94
127
115
83
93
160
226
219
141
63
52
98
134
121
95
113
179
228
199
111
42
50
108
144
130
107
130
191
221
173
81
28
56
124
158
140
118
143
195
207
144
56
22
70
144
172
147
125
149
192
187
115
36
26
92
167
185
151
127
150
183
164
90
25
38
118
189
193
150
124
145
170
142
69
23
58
147
209
196
142
117
137
156
122
56
30
84
176
222
191
129
105
128
143
107
51
45
113
201
228
178
111
93
119
132
98
53
65
143
221
226
158
90
81
114
127
95
62
89
170
232
214
134
70
72
113
127
98
76
114
192
235
194
106
51
69
117
132
105
92
136
206
228
168
78
38
73
128
141
115
108
154
212
213
138
53
32
84
143
152
124
121
165
210
191
108
33
35
102
161
163
132
129
170
201
166
80
22
46
125
180
171
135
133
169
187
140
58
19
65
151
197
175
133
131
162
169
115
42
26
91
178
210
173
126
124
153
151
95
35
41
120
202
216
164
114
115
142
135
82
37
63
150
221
214
149
99
105
132
124
75
46
89
179
233
204
128
82
96
126
117
75
62
117
202
236
185
103
66
91
125
116
81
81
143
218
229
161
78
54
91
129
121
91
101
165
226
214
132
54
47
98
138
128
103
119
181
224
191
101
36
49
111
151
138
114
134
190
215
164
73
24
58
130
166
147
123
144
191
199
135
49
21
75
152
180
153
127
147
185
178
108
33
28
99
176
192
154
127
145
175
156
85
29
47
127
193
193
148
121
138
158
134
75
41
75
151
200
185
137
114
129
144
120
74
59
102
169
198
171
125
107
123
134
113
81
80
125
177
189
155
114
103
119
129
112
91
100
140
176
175
139
106
103
120
127
115
103
115
147
169
159
127
104
106
122
128
120
114
126
147
157
144
119
107
113
126
130
124
122
130
142
144
133
119
114
120
128
130
127
126
130
133
132
128
124
125
127
128
