128
128
130
129
127
124
123
125
128
130
129
128
128
131
133
131
123
115
113
122
137
149
148
133
114
103
107
124
141
146
139
128
122
124
129
127
118
109
113
132
155
165
150
117
86
81
105
144
170
169
142
112
99
107
123
132
128
120
124
143
162
161
132
90
65
79
128
181
201
175
120
75
67
96
137
159
154
136
126
134
145
140
111
77
69
104
166
213
208
149
73
32
51
116
180
203
176
129
99
100
119
127
114
95
99
137
187
208
176
103
36
25
79
165
224
219
160
91
58
74
115
145
146
131
126
143
168
170
133
75
39
59
130
206
236
197
115
46
33
78
144
184
179
147
120
118
132
136
114
81
72
105
168
218
213
150
67
20
42
115
190
218
188
129
86
82
107
129
128
113
110
135
175
195
169
104
42
29
81
166
227
224
162
86
46
61
111
154
164
146
129
132
150
156
131
84
51
67
130
203
233
196
114
41
26
74
147
196
194
154
114
102
115
128
121
98
86
110
162
207
205
147
68
21
41
116
195
227
195
129
75
66
95
130
143
132
121
132
161
180
161
106
50
36
84
166
228
227
163
82
36
51
108
163
180
160
131
121
132
142
129
94
66
76
131
197
227
193
113
39
22
71
150
206
207
161
108
86
98
121
128
115
102
115
156
194
195
145
71
25
43
117
198
233
201
128
65
52
85
132
157
150
132
129
146
164
153
109
60
46
88
165
226
226
163
78
28
43
106
171
196
174
134
109
113
128
128
106
82
87
131
190
218
188
112
40
21
70
153
214
217
166
103
71
82
115
136
132
119
121
148
180
183
142
76
33
48
118
199
236
204
127
57
39
77
134
171
168
143
125
131
146
144
114
73
59
94
163
220
222
162
77
24
38
105
178
209
186
135
98
95
114
127
119
100
99
131
180
207
182
112
43
23
70
155
220
224
170
98
57
68
109
144
150
135
126
139
163
169
138
83
43
55
120
198
236
205
126
51
30
70
137
183
184
152
121
115
128
135
118
87
73
100
159
212
216
159
76
22
35
105
184
220
196
136
88
78
101
127
132
118
111
130
168
193
174
113
49
28
72
156
223
229
172
94
46
55
104
152
167
151
131
129
145
155
135
91
55
64
121
195
232
203
124
47
23
65
139
194
199
161
117
99
110
126
124
103
89
106
155
202
207
156
78
24
35
105
188
228
203
137
78
62
89
127
145
137
124
129
155
177
165
114
57
36
76
156
223
231
173
90
37
45
100
159
183
166
135
119
127
140
132
101
70
74
123
189
225
200
123
46
20
62
141
204
211
169
113
84
93
117
130
120
105
113
149
189
196
152
80
29
38
106
190
233
209
137
69
48
78
127
158
155
136
128
141
160
155
116
67
47
81
155
220
229
173
88
30
37
97
166
198
180
139
109
109
124
129
111
87
86
124
182
216
194
122
47
19
61
143
211
221
175
109
70
76
109
136
137
123
120
142
174
183
148
85
37
43
108
191
235
212
137
63
37
69
128
170
173
148
126
127
142
144
119
79
60
88
154
215
225
171
86
27
32
95
171
210
193
142
100
91
109
127
122
104
99
126
173
204
186
122
50
22
62
144
215
228
179
105
58
62
102
142
153
140
127
135
158
168
143
91
47
51
110
189
234
212
136
58
28
61
129
182
189
159
124
112
123
134
122
93
75
95
151
206
218
168
86
26
30
95
176
220
203
144
90
74
95
124
134
123
113
127
162
189
177
122
56
28
64
145
218
233
182
102
47
49
96
148
170
157
133
127
140
153
139
98
60
61
113
186
230
210
135
54
22
56
130
191
203
168
121
97
105
123
126
108
92
103
147
196
208
164
87
28
30
95
179
227
210
146
82
59
82
123
146
142
127
127
150
173
167
122
64
37
69
146
217
234
183
99
39
39
91
154
185
172
139
118
123
136
134
106
75
73
116
181
223
205
134
54
19
53
131
200
215
177
119
83
87
113
130
124
109
112
143
183
196
159
90
34
34
96
181
232
216
147
75
46
71
121
158
160
140
128
137
155
155
122
74
49
75
145
214
231
182
97
34
32
88
159
198
187
145
110
105
120
129
116
92
86
118
174
212
199
132
55
19
52
133
206
225
183
116
71
71
104
135
140
127
120
138
168
182
154
94
42
40
99
181
233
218
147
69
35
61
121
169
177
153
127
123
137
143
124
86
63
83
144
208
226
180
96
31
27
85
164
210
199
149
102
88
104
125
126
109
101
121
165
200
190
131
58
23
54
134
210
231
188
113
59
56
95
139
156
145
129
132
152
166
147
99
52
49
101
180
232
218
147
65
27
53
120
179
193
165
127
110
118
131
125
99
78
92
143
200
218
176
96
31
25
85
168
219
209
153
94
71
89
121
136
128
115
124
155
185
179
130
64
30
58
135
211
235
191
111
50
44
88
144
172
162
137
125
136
149
141
105
66
60
105
177
227
215
146
62
21
48
121
187
207
176
126
96
100
119
127
113
95
101
140
189
207
171
97
33
27
85
170
226
217
155
87
57
76
118
146
146
130
126
144
168
168
129
72
39
63
135
210
235
192
109
43
34
83
148
186
178
144
119
118
132
134
112
80
73
109
172
219
210
144
62
19
45
121
194
218
185
125
84
82
108
130
128
113
111
137
177
194
165
99
39
31
87
172
229
222
157
81
44
64
115
157
164
145
128
133
151
155
128
81
51
71
136
207
232
191
108
38
27
78
152
198
193
151
112
101
115
128
120
97
87
113
166
208
202
142
63
20
45
122
200
227
192
124
72
66
98
132
143
132
122
134
162
179
158
102
48
38
89
172
230
224
157
76
34
54
113
166
181
159
130
121
132
142
127
92
66
79
136
201
226
188
107
36
23
76
156
209
205
157
105
85
99
122
128
114
103
118
158
195
192
140
67
25
47
123
203
233
197
122
62
52
88
135
158
150
132
129
147
163
150
106
58
48
93
170
228
223
157
73
27
46
112
175
196
172
131
108
113
128
127
105
82
90
135
193
217
184
106
36
22
75
159
217
215
161
99
69
83
117
137
132
119
122
150
180
181
137
72
32
52
124
204
236
200
121
54
40
80
138
172
167
141
125
131
146
142
111
71
60
98
168
222
220
156
71
22
41
111
182
210
183
132
96
95
115
128
118
100
101
134
182
206
177
107
40
24
75
161
223
222
165
93
56
69
112
146
150
135
126
140
164
168
135
79
42
58
125
202
236
200
119
47
30
74
141
186
184
150
120
115
128
134
117
86
74
103
164
214
213
154
71
21
38
111
188
220
192
132
85
78
103
128
132
118
112
133
170
192
170
108
46
30
78
162
226
227
167
88
44
57
108
154
168
150
130
129
146
154
132
88
55
67
127
199
232
199
118
43
24
69
144
197
198
158
115
98
110
126
123
102
89
109
158
203
205
151
73
23
40
112
191
225
196
132
78
67
94
129
144
136
124
130
152
169
156
113
68
56
91
154
203
204
158
96
60
69
111
152
166
153
131
122
127
135
129
110
92
97
128
165
183
165
122
81
71
96
137
167
168
145
119
107
112
124
129
124
119
123
137
151
152
135
109
94
99
123
148
159
150
129
111
107
116
128
135
134
129
128
130
133
132
125
118
116
122
131
138
137
131
124
121
122
126
129
130
129
128
