128
128
129
129
127
125
125
127
128
126
125
128
134
138
134
123
111
111
123
138
145
138
127
121
124
128
125
116
112
123
144
159
151
125
98
93
112
138
151
143
130
126
133
138
125
102
90
108
147
178
174
136
95
82
101
132
145
137
127
133
152
159
134
90
63
83
139
189
194
153
103
83
99
125
131
118
112
135
174
190
156
89
41
55
120
186
203
166
117
97
112
128
117
89
83
124
189
224
188
102
32
33
98
169
193
165
128
121
139
145
114
66
52
100
182
234
210
128
53
40
88
144
164
145
127
139
168
171
126
59
30
73
162
227
219
150
80
61
92
129
136
117
112
144
190
200
148
66
20
51
136
207
214
163
106
89
109
127
115
88
88
135
200
223
174
85
25
40
112
181
196
161
123
118
136
140
107
64
59
115
195
235
198
111
43
42
97
154
168
146
128
140
166
163
114
52
35
89
178
233
211
135
69
59
96
134
139
120
118
151
191
191
133
54
21
64
153
217
211
152
96
85
109
127
114
90
96
147
206
217
158
70
21
49
127
191
197
156
118
115
134
135
102
64
68
130
206
233
183
94
35
46
109
163
171
145
127
141
163
155
103
47
42
105
192
235
201
120
59
58
102
140
142
123
123
156
191
182
118
45
24
79
169
224
206
140
87
82
110
128
115
93
105
157
209
209
142
56
19
60
143
200
196
149
112
112
131
130
97
65
79
144
214
228
168
78
29
53
121
172
174
144
126
140
160
146
94
45
51
121
205
236
189
105
50
60
110
146
145
125
127
159
189
171
104
37
30
95
184
228
198
128
78
81
112
130
116
97
113
166
211
198
125
44
21
73
158
208
193
141
105
109
129
126
94
68
90
158
221
221
151
63
26
62
134
181
175
141
124
139
155
137
85
45
62
138
216
233
174
89
44
64
118
153
147
127
130
162
185
159
91
32
38
112
198
230
188
115
71
80
115
132
117
102
122
173
210
187
109
35
25
88
173
214
188
133
99
107
127
123
92
73
102
170
224
211
134
50
25
72
147
188
174
138
122
137
151
129
79
47
75
154
224
227
159
75
39
70
127
159
149
128
133
163
180
148
79
30
49
130
211
229
177
102
64
81
119
135
119
107
130
179
207
173
93
27
32
104
187
217
182
123
93
105
126
121
92
78
113
181
225
200
117
39
27
85
160
194
173
133
119
135
146
122
74
51
88
169
230
219
143
61
37
77
137
165
151
129
135
163
173
136
69
30
62
147
221
226
164
89
59
84
124
138
122
112
137
183
202
160
79
23
41
121
200
219
174
113
87
104
126
120
93
85
125
190
224
186
100
30
32
99
173
198
169
128
115
132
141
115
70
57
103
183
233
209
125
50
37
86
147
170
151
129
136
162
166
124
61
33
76
164
229
220
149
76
55
88
130
141
124
116
143
185
195
145
66
21
53
138
211
217
163
103
83
104
126
119
94
93
136
197
219
171
83
24
39
114
185
201
164
122
112
130
137
109
69
64
117
195
234
196
108
39
39
97
158
174
151
128
136
160
159
114
55
38
91
179
234
212
134
65
54
94
137
145
127
120
148
186
187
131
55
22
66
155
220
214
152
92
79
104
127
119
97
100
147
203
213
156
68
20
49
129
196
202
158
115
108
127
133
105
69
73
131
205
231
181
92
32
44
109
168
178
150
127
135
157
151
104
51
46
107
194
236
201
118
55
54
101
143
148
129
124
152
185
177
117
46
26
81
171
226
208
140
82
76
106
129
120
100
108
156
205
205
139
55
19
61
145
205
200
150
108
105
125
129
101
71
83
145
213
226
166
76
26
51
122
177
180
147
124
134
153
143
95
49
55
124
206
236
188
102
46
56
109
151
151
130
127
155
183
167
103
39
32
98
187
231
199
126
73
75
109
132
122
104
116
164
206
194
123
44
21
74
161
213
197
142
101
102
124
126
99
74
94
158
218
218
149
61
23
61
136
186
181
144
121
132
149
135
88
49
66
140
216
232
173
86
39
61
118
158
154
132
130
157
179
156
91
35
41
115
201
232
189
112
65
75
113
135
124
108
123
170
205
183
107
35
25
90
176
218
191
132
94
100
123
124
98
79
105
170
221
209
132
48
23
72
150
193
180
139
118
130
145
128
82
52
79
155
224
226
157
72
35
67
128
164
156
132
131
157
174
145
80
33
52
132
213
231
177
99
59
76
119
139
126
112
130
175
202
170
92
28
33
106
190
221
184
121
87
98
123
123
98
84
116
180
222
197
115
37
26
85
163
199
177
133
114
127
141
122
78
56
92
170
229
218
140
58
33
75
139
171
157
132
132
157
168
134
71
34
65
149
222
227
163
85
53
80
125
143
129
116
136
179
196
156
78
24
42
123
203
222
175
110
81
98
124
123
99
91
127
188
220
183
98
29
31
100
176
203
173
127
110
125
137
116
75
62
105
183
232
207
123
46
34
85
150
176
157
131
132
155
161
123
64
37
79
165
230
220
148
72
50
85
132
147
131
120
142
180
190
143
66
23
54
140
214
220
164
99
76
98
125
123
101
97
137
194
216
169
82
23
39
115
189
206
167
120
106
123
134
111
74
69
119
194
232
194
106
37
37
97
161
181
156
129
131
153
154
113
58
42
94
181
234
211
132
61
49
91
139
151
133
123
146
180
182
129
56
24
68
157
223
216
152
88
72
100
128
125
104
104
146
199
209
153
67
19
49
131
200
206
160
112
102
121
131
108
75
78
133
204
229
179
89
29
42
110
172
184
154
126
130
150
147
105
55
50
110
194
236
200
116
50
50
99
147
155
135
126
149
179
173
115
47
29
84
174
229
209
138
78
70
103
131
126
107
112
154
201
200
137
54
19
61
148
209
204
151
104
98
120
128
105
77
87
146
211
223
163
74
24
50
124
182
186
150
122
128
147
140
97
53
59
126
206
235
187
99
42
52
108
155
158
136
128
151
176
163
103
41
35
100
189
233
200
124
68
69
107
135
128
110
118
161
201
190
121
43
21
76
164
217
200
141
96
95
119
127
104
81
97
158
216
216
147
59
21
60
138
191
186
146
118
125
143
133
91
54
70
141
216
231
172
84
36
58
119
162
161
136
129
151
172
152
92
38
44
117
202
234
189
110
60
70
112
139
131
114
125
167
200
179
106
35
26
91
179
222
194
131
89
93
119
126
104
85
108
169
218
205
130
46
22
72
152
198
185
140
114
123
140
127
86
57
82
156
223
225
155
69
31
65
130
170
162
135
129
151
168
142
81
36
55
134
214
232
176
95
53
72
118
143
133
117
131
171
196
166
91
29
34
108
193
225
186
119
82
92
120
126
104
90
118
178
218
194
112
36
25
86
167
204
181
133
109
120
136
122
82
61
95
170
228
216
138
55
30
74
142
177
163
134
129
150
162
132
73
39
69
150
220
223
160
85
55
81
125
146
135
121
134
167
181
149
87
45
61
126
189
203
164
112
89
102
124
127
112
106
128
166
186
162
107
65
67
111
159
175
156
127
115
122
131
122
103
97
118
155
177
164
125
90
85
109
138
150
142
129
128
135
138
126
107
99
113
140
158
154
133
112
106
116
129
133
130
127
130
136
138
130
118
112
118
129
138
138
131
125
123
125
127
128
127
127
128
128
