128
128
129
128
126
126
127
127
125
122
125
134
140
136
124
115
117
126
131
129
125
131
142
144
128
107
100
116
139
148
139
127
127
136
133
113
95
103
136
165
164
135
109
108
122
127
114
105
124
161
179
153
104
77
93
129
146
136
125
139
164
161
118
69
64
111
167
182
152
121
121
137
131
94
66
91
159
208
192
128
79
84
117
130
110
99
134
193
210
154
70
34
75
143
171
150
128
145
178
166
96
30
39
123
204
213
157
106
107
131
125
81
55
98
186
236
198
109
52
69
119
138
117
107
146
203
208
136
47
24
83
161
186
156
127
140
167
151
83
30
54
144
219
213
146
93
96
124
122
84
68
117
199
234
182
88
40
69
127
148
128
117
153
200
193
116
35
27
99
179
196
157
123
132
155
137
75
35
72
165
229
208
132
78
87
121
123
91
82
133
207
227
162
69
32
74
139
160
137
124
155
192
175
98
27
36
118
196
203
154
114
122
144
126
72
44
91
183
235
198
114
64
80
121
128
101
97
147
211
216
141
51
28
84
154
172
144
127
152
182
158
82
25
49
139
211
206
146
103
112
134
119
73
56
111
199
236
184
95
51
78
126
136
112
109
157
210
201
120
37
29
97
170
183
149
127
146
169
142
71
27
66
160
224
204
134
90
101
127
117
78
71
130
210
231
167
76
41
80
134
146
123
120
162
204
184
100
27
35
114
187
192
149
122
138
157
128
64
34
85
180
232
197
119
76
93
124
118
86
86
146
217
222
146
57
35
86
146
158
132
126
163
195
166
83
22
46
134
203
197
144
113
127
145
118
62
46
106
197
235
185
102
63
88
125
124
96
101
159
218
208
125
41
33
97
161
169
139
129
159
183
148
69
22
61
155
216
197
136
102
117
136
112
65
60
126
211
233
170
83
52
87
131
132
108
114
167
215
192
104
29
37
112
177
179
142
127
153
170
132
59
27
80
175
226
193
123
89
107
129
110
72
76
144
220
226
151
64
43
90
140
142
118
124
171
207
173
85
22
45
129
192
186
141
122
143
157
119
54
37
100
194
232
184
108
76
100
127
113
81
92
160
224
214
130
48
40
98
152
154
128
130
171
196
154
68
19
58
149
207
189
136
113
133
145
109
54
50
121
209
232
171
91
64
96
128
119
93
107
171
223
199
108
34
40
110
166
164
134
132
166
183
136
56
22
75
169
218
188
127
102
122
135
104
59
66
141
221
228
154
73
54
96
134
128
104
120
178
217
180
88
24
46
125
181
173
136
130
159
168
120
49
30
95
189
226
182
114
90
113
129
103
67
83
159
228
218
134
55
48
100
143
138
115
130
181
208
161
70
19
57
144
196
178
135
124
149
155
108
46
42
116
206
229
171
98
78
107
128
106
78
100
173
229
204
113
41
47
109
156
149
124
135
179
195
141
55
20
72
163
208
180
129
115
138
143
99
48
57
137
219
227
157
81
67
104
130
113
90
115
183
226
187
92
29
50
122
169
159
130
137
173
180
123
45
25
91
182
218
177
119
104
127
133
95
54
74
157
229
219
139
65
59
105
136
122
103
128
189
218
167
73
22
58
138
183
166
132
134
164
165
108
39
35
111
200
223
170
106
92
119
128
95
64
92
173
233
208
118
49
55
110
145
133
114
137
190
206
147
56
19
71
156
197
170
129
127
153
151
96
39
49
133
216
223
158
91
81
113
127
100
77
110
186
232
192
98
36
55
120
157
143
122
142
186
191
127
44
22
87
175
207
170
123
118
142
139
89
43
66
153
227
219
142
74
72
111
129
107
90
125
195
226
173
77
27
61
134
171
152
128
142
179
175
109
35
31
107
194
215
166
113
107
132
130
86
52
85
172
234
209
123
59
66
113
136
117
102
137
198
215
152
59
22
71
150
184
159
129
139
169
159
95
32
43
128
210
218
157
100
96
124
125
87
63
104
187
235
195
103
45
63
119
146
128
114
146
197
201
131
44
22
85
168
195
162
126
132
157
145
84
34
59
149
223
216
144
85
86
119
124
93
77
121
199
231
178
83
34
66
130
157
138
122
149
192
185
112
34
28
103
186
204
161
119
123
146
133
78
41
78
169
232
209
128
70
78
117
128
101
91
136
205
223
157
64
27
73
144
170
146
127
149
183
168
95
28
39
123
203
210
155
108
112
135
125
77
51
97
187
236
197
109
55
73
120
134
112
104
148
207
210
136
47
25
84
160
182
152
127
145
172
152
82
28
53
144
217
210
145
96
101
127
120
80
65
116
200
235
181
89
43
73
127
144
122
115
155
204
194
116
34
28
100
177
192
154
124
137
160
137
73
32
71
165
228
206
131
81
92
123
120
87
79
134
210
228
162
70
34
77
138
156
132
123
158
196
177
97
26
36
119
194
199
151
116
127
148
126
68
41
91
184
235
197
114
67
85
122
124
96
94
148
214
217
141
52
30
85
152
168
140
127
156
186
159
81
23
49
139
210
203
145
106
117
138
118
69
53
111
200
236
183
96
54
82
126
132
107
107
159
213
203
120
37
31
98
168
179
145
127
151
174
143
69
25
66
160
222
201
134
93
107
130
114
73
68
130
212
232
166
76
44
83
134
141
118
118
165
208
185
100
27
36
115
184
187
146
123
143
161
128
61
32
85
180
230
195
119
80
98
126
115
81
84
147
219
223
146
58
37
88
145
153
128
126
166
199
167
82
21
47
134
200
193
143
116
133
149
117
59
43
106
198
234
184
102
67
92
126
120
91
99
161
221
209
125
42
35
98
159
164
135
130
164
187
149
67
21
62
155
214
194
135
105
122
138
110
61
57
126
212
233
169
84
55
90
130
128
103
113
170
218
193
104
30
38
112
174
174
139
129
158
174
132
57
25
80
175
224
191
123
93
112
131
107
67
74
145
221
226
150
66
47
93
138
137
114
123
175
211
174
84
22
46
130
189
181
139
125
149
160
118
51
35
100
194
230
183
109
80
105
127
109
77
90
161
226
215
130
49
43
100
150
148
124
131
175
200
155
67
19
59
149
204
185
135
117
138
147
107
51
48
121
210
231
170
92
68
100
128
114
88
106
173
226
199
108
35
43
111
163
159
131
134
171
186
136
54
21
76
169
215
185
127
106
127
137
101
55
64
141
222
227
153
74
58
99
133
123
100
120
181
220
181
88
25
48
126
178
168
134
133
164
172
120
46
29
95
188
223
179
115
94
118
130
100
63
81
160
229
218
134
57
52
103
141
133
111
130
184
211
161
69
20
58
143
192
174
133
127
154
157
106
43
40
116
205
227
170
100
82
111
127
102
74
99
175
231
204
113
42
50
111
153
143
121
137
183
198
141
54
19
73
162
205
176
128
119
143
145
97
45
55
137
219
225
156
83
72
107
129
108
86
115
186
228
187
92
30
52
123
165
153
128
138
175
179
123
51
35
95
175
203
168
121
112
132
133
99
66
84
151
206
197
135
83
81
113
132
120
108
128
171
189
153
92
62
85
134
159
148
129
133
151
150
116
80
79
119
164
173
147
118
114
126
128
112
99
113
146
169
158
124
100
103
122
132
128
122
131
147
150
133
109
101
114
134
142
136
128
128
133
132
122
114
116
128
138
138
130
124
124
127
127
126
125
127
129
129
