128
128
129
128
127
129
130
127
120
119
125
132
131
127
129
138
142
130
115
112
122
129
122
116
127
148
155
138
118
117
128
126
107
97
116
148
158
141
126
135
148
134
98
81
104
138
145
128
126
154
175
152
103
82
103
128
119
98
111
161
192
168
119
103
125
132
98
64
85
149
187
165
129
135
165
157
95
46
67
129
157
134
118
156
205
191
114
57
75
121
122
83
83
153
222
211
137
93
116
141
103
39
43
127
202
193
140
131
172
183
116
34
32
104
159
143
112
142
209
220
144
62
57
108
127
88
66
124
211
229
163
101
109
143
123
54
29
94
183
201
154
127
162
192
146
56
23
79
147
149
113
124
191
229
176
84
53
95
128
99
62
96
186
233
188
117
104
140
139
75
25
65
157
202
167
128
150
193
172
84
24
56
129
152
118
110
169
228
203
113
56
81
124
111
64
73
156
227
209
136
104
133
150
98
31
41
127
194
179
134
139
187
191
116
35
38
108
149
125
102
145
217
223
144
68
71
117
120
73
57
123
211
223
159
109
126
155
122
47
26
95
178
187
143
131
176
203
147
56
28
85
142
133
99
123
198
233
175
88
66
107
127
86
50
93
186
228
181
119
119
155
142
68
21
65
154
189
154
127
162
206
176
84
28
63
128
138
102
104
174
233
203
114
67
96
129
101
51
67
156
223
201
135
116
150
158
94
26
41
126
184
164
127
147
201
198
116
38
47
111
139
108
92
147
223
223
144
77
86
126
115
60
49
123
208
214
153
116
143
167
121
41
25
96
171
172
132
134
189
212
148
57
37
92
136
116
86
121
203
234
173
93
80
120
126
74
40
91
185
220
173
122
135
170
145
64
19
68
151
176
139
125
173
217
179
84
35
73
128
124
86
99
178
235
200
116
80
111
133
91
39
63
155
217
190
133
128
167
165
91
23
43
126
173
148
120
154
212
203
116
44
57
115
129
91
83
149
226
221
143
86
103
136
109
48
43
122
204
204
147
124
160
178
121
38
27
99
163
156
120
137
200
219
149
61
47
100
131
100
73
120
207
233
170
99
96
133
126
63
32
90
182
210
163
125
150
184
148
61
20
71
147
161
124
123
182
225
180
86
45
84
128
110
71
95
181
235
196
118
94
127
138
83
30
61
154
208
179
131
140
182
171
89
23
48
126
161
131
113
161
222
206
117
51
70
120
119
75
75
150
226
216
141
96
120
145
105
38
39
122
197
191
140
132
175
188
120
37
31
102
155
139
109
140
209
223
149
66
60
109
125
85
62
119
208
229
166
105
113
146
125
55
26
90
178
198
152
128
164
196
150
59
23
77
143
145
109
121
190
231
180
89
56
96
128
97
58
91
182
232
190
120
108
144
142
76
24
61
152
198
165
128
152
197
177
88
26
55
126
148
114
106
167
229
207
118
61
84
125
109
61
68
151
224
209
139
108
137
154
101
31
38
122
189
176
133
140
190
196
120
38
38
105
146
121
98
142
217
225
149
73
74
119
120
70
53
118
207
222
161
112
130
159
125
48
24
91
173
184
141
131
178
207
152
60
30
84
139
129
95
119
197
235
179
93
70
109
127
84
46
88
182
226
182
122
123
159
146
71
20
62
150
185
151
126
163
209
181
88
31
63
126
134
98
100
171
233
206
119
72
99
130
100
48
63
151
220
200
137
119
154
162
97
27
39
122
179
161
125
147
203
202
121
42
48
110
136
104
87
144
221
225
148
81
90
128
115
58
45
118
204
213
154
119
147
171
125
43
24
92
166
168
129
133
190
216
154
62
39
91
134
113
81
117
201
235
177
98
85
123
128
73
36
86
180
218
173
124
138
174
150
67
19
65
147
171
136
123
173
219
183
89
38
74
127
121
82
95
175
235
203
120
84
115
135
92
37
59
150
213
189
134
131
171
169
95
24
42
122
169
144
117
154
214
207
121
48
59
115
127
88
78
145
224
222
146
90
107
138
111
47
39
117
199
201
147
126
163
182
125
40
26
95
159
152
117
135
201
222
154
66
50
100
129
97
69
116
204
233
173
103
100
137
128
63
29
85
177
207
162
126
153
188
153
64
20
69
143
156
121
120
182
227
185
91
48
85
127
108
67
90
177
234
198
121
98
131
141
84
29
57
149
204
177
131
142
186
176
93
25
47
123
157
127
110
159
223
210
122
55
72
120
118
72
70
146
224
217
144
100
124
148
107
38
36
117
193
188
139
133
178
192
125
40
31
99
151
135
105
137
209
226
154
71
63
110
125
82
58
114
204
228
168
109
117
150
128
55
24
85
173
194
151
128
167
200
155
63
25
75
140
141
105
118
189
233
185
94
60
98
128
95
54
86
178
230
191
123
112
148
146
78
23
57
147
193
163
128
153
200
181
93
28
54
123
144
110
103
164
229
210
122
65
87
126
108
58
63
146
221
209
141
111
141
158
103
32
35
117
185
173
131
140
193
200
125
42
39
104
143
117
94
139
216
228
153
78
78
120
120
68
48
113
203
221
162
115
134
164
128
49
22
87
168
180
139
130
180
211
157
64
32
83
136
125
91
115
195
236
183
98
74
112
128
83
43
83
177
223
182
124
127
163
150
73
20
59
145
181
148
124
163
212
185
93
34
64
124
131
93
96
168
233
208
123
76
102
132
100
46
58
146
216
199
138
122
158
166
101
28
36
118
175
157
123
147
205
207
126
46
49
109
134
100
83
140
220
227
152
86
94
131
116
56
41
113
200
211
155
122
150
176
129
45
23
89
162
164
126
132
191
219
159
66
41
91
132
109
77
113
198
235
180
102
89
126
129
73
33
81
175
215
172
126
141
178
154
70
19
62
143
167
132
121
173
222
188
94
42
75
125
118
78
90
171
234
205
124
89
119
138
92
35
55
145
209
188
135
133
175
174
99
26
40
118
164
140
115
152
215
211
126
52
61
115
125
84
73
141
222
223
149
95
111
142
112
46
36
112
195
199
147
128
166
187
129
43
26
92
155
148
113
133
201
225
159
70
53
101
128
94
64
111
200
233
175
107
105
140
130
64
27
80
172
204
161
127
155
192
158
68
21
67
140
152
117
117
181
229
189
96
52
87
127
106
63
85
173
232
199
125
102
135
144
86
27
53
144
200
175
131
144
190
181
98
27
46
120
153
123
106
157
223
213
127
60
75
121
116
69
65
141
221
217
147
104
128
152
109
38
33
112
188
185
138
134
181
197
130
43
32
97
147
131
101
134
209
229
159
76
66
112
124
80
53
109
201
227
170
112
121
154
131
56
22
81
168
191
149
128
169
204
160
67
26
74
137
137
101
114
187
234
188
99
64
101
128
94
50
81
173
228
191
126
116
152
149
80
22
53
142
189
160
127
154
203
186
98
31
54
121
140
106
99
162
229
213
127
69
90
127
108
57
61
141
214
204
142
115
144
158
109
44
45
115
172
163
129
138
182
189
130
63
60
108
136
117
100
133
189
199
148
97
97
124
123
89
75
116
171
182
148
122
133
150
130
86
71
104
146
152
132
128
153
167
143
102
87
109
130
125
112
121
151
167
148
119
111
123
128
114
102
114
140
152
141
127
128
136
133
117
107
115
130
135
130
127
132
138
134
125
119
122
127
128
126
126
129
130
128
