128
128
129
128
127
128
129
126
120
120
128
136
135
129
128
133
134
122
109
111
128
140
136
128
132
143
141
118
98
105
128
141
132
126
139
156
148
113
90
101
129
136
123
122
149
171
154
109
85
102
129
127
110
118
159
186
160
107
85
107
128
113
93
114
171
198
162
106
92
117
126
96
74
111
180
206
162
109
105
132
124
76
55
108
187
207
158
114
125
150
121
55
39
107
190
201
150
123
151
170
117
38
29
108
185
183
138
134
176
185
115
32
33
111
172
159
125
145
198
196
112
33
42
115
156
133
113
156
216
202
111
39
57
120
138
106
102
166
228
204
111
51
75
124
119
81
94
173
235
201
111
67
97
128
100
59
87
179
234
194
114
88
120
131
82
41
84
181
228
183
117
111
144
133
67
29
83
179
215
168
122
135
166
135
55
22
85
175
196
152
127
160
185
135
47
22
90
167
174
135
133
182
201
135
44
29
96
157
149
117
140
202
212
134
47
41
104
144
122
101
146
217
218
133
54
59
113
130
95
87
152
226
218
131
66
80
123
115
71
76
156
230
212
130
82
105
132
100
50
68
159
227
202
129
101
130
140
87
34
64
160
219
187
128
122
155
147
75
23
64
159
204
169
127
143
179
152
67
19
68
156
185
149
128
165
199
155
62
21
75
150
162
128
129
184
214
157
61
30
85
143
137
107
130
200
225
156
64
45
98
135
111
88
132
212
229
154
71
65
112
125
86
71
134
219
227
150
82
89
126
115
64
58
136
220
219
145
96
115
140
105
45
50
137
216
205
140
112
141
152
96
31
47
138
206
187
134
130
167
163
89
23
48
138
191
166
129
148
190
171
83
21
55
137
172
142
124
165
210
176
80
26
65
136
150
118
120
181
224
178
80
37
79
133
127
94
116
193
233
177
83
53
96
129
103
73
114
202
235
172
89
75
114
124
80
56
114
206
230
166
98
99
133
120
60
43
114
205
219
157
109
126
151
115
44
35
115
200
203
147
122
152
167
110
33
33
117
190
182
136
135
177
180
106
28
37
119
176
158
126
149
199
190
103
29
46
122
159
132
116
161
217
195
101
35
60
124
139
106
107
172
229
197
102
48
78
126
118
82
100
181
236
194
103
65
99
128
98
60
95
187
235
187
107
87
121
128
79
43
92
189
228
177
112
111
143
129
62
31
92
187
215
164
119
136
164
128
49
25
94
182
196
149
127
161
182
127
41
25
98
173
174
134
136
184
197
126
38
31
103
161
148
118
144
204
207
125
41
44
110
146
121
104
152
219
212
123
49
61
117
130
95
92
159
229
212
123
62
82
124
113
71
82
165
233
207
122
79
106
131
97
50
75
168
230
197
123
99
130
137
82
34
72
169
221
183
124
122
155
142
69
23
72
167
206
166
126
145
177
145
60
19
76
163
186
147
129
167
197
147
55
22
82
156
163
127
132
187
211
148
54
31
91
147
137
108
135
204
221
147
57
46
102
136
111
90
139
216
225
145
65
66
114
124
85
75
142
223
223
142
78
89
126
112
62
64
145
225
215
139
93
115
138
100
43
56
147
220
202
135
111
141
149
90
29
53
148
209
184
131
131
167
157
81
21
55
147
194
163
128
150
190
164
75
20
61
145
174
141
125
169
209
168
72
25
71
141
151
118
124
186
223
169
72
36
84
136
126
96
123
199
231
168
76
53
99
130
102
76
122
208
233
164
83
74
116
123
78
59
123
212
228
158
94
99
133
116
58
47
124
211
217
151
106
126
149
109
41
40
125
205
201
143
121
153
163
102
30
39
126
195
181
134
136
178
175
97
24
42
127
179
157
126
152
200
183
94
25
51
128
161
132
118
166
218
188
92
32
65
129
139
107
111
179
230
189
93
45
82
128
117
83
106
188
236
186
96
64
101
127
95
62
103
195
235
180
101
86
122
126
75
45
101
197
228
171
108
111
142
124
58
34
102
195
214
159
117
137
162
121
44
28
103
188
196
146
127
162
178
119
36
28
106
178
173
133
138
186
192
117
33
35
111
164
148
119
149
206
201
115
36
47
115
148
121
107
159
222
206
114
45
64
120
130
95
97
167
231
205
114
58
84
125
111
71
88
173
235
201
115
77
107
130
93
50
83
177
232
191
117
98
131
133
77
35
80
178
222
178
120
122
154
136
63
24
81
175
207
163
124
146
175
138
53
21
84
170
187
145
130
169
194
138
48
24
90
161
163
127
135
190
208
138
47
33
97
150
137
110
141
208
217
137
51
48
107
137
110
94
146
220
220
135
60
67
117
123
84
80
151
227
218
134
74
90
127
109
61
70
154
228
210
132
91
116
136
96
42
63
156
223
197
130
110
142
145
83
28
61
157
212
181
128
131
166
151
74
20
63
155
196
161
128
152
189
156
67
19
68
151
175
140
127
172
207
159
64
24
77
146
151
118
128
190
221
160
64
36
89
139
126
97
129
204
228
159
69
53
103
130
100
79
130
214
230
155
77
75
117
121
76
63
132
218
225
151
89
100
132
112
55
52
133
217
214
145
104
126
146
103
39
46
135
210
199
139
120
153
159
95
27
45
135
199
179
132
138
178
169
89
22
48
135
182
156
126
155
200
176
85
23
57
135
162
131
121
171
217
180
83
30
69
133
140
107
116
185
229
181
84
44
85
130
116
84
113
195
235
178
88
63
103
127
93
64
111
202
234
172
95
85
122
123
72
48
111
204
227
164
104
111
141
119
54
37
111
201
213
154
115
137
159
115
40
32
113
194
195
143
127
163
174
111
32
33
115
183
172
132
140
187
187
107
29
39
118
168
147
121
153
207
195
105
32
51
121
150
121
110
165
223
199
104
41
67
124
130
95
102
174
233
198
105
56
86
126
110
71
95
181
236
194
107
75
108
128
90
51
91
185
233
185
111
97
131
130
72
36
89
186
223
173
117
122
153
130
58
26
90
183
207
159
123
147
173
130
47
23
93
176
187
143
131
171
190
130
41
26
97
166
163
127
138
193
203
129
41
35
104
153
136
111
146
211
212
127
46
50
111
139
110
97
153
224
215
126
55
69
119
123
84
85
159
231
212
125
70
92
127
107
61
76
164
232
205
125
88
116
134
91
42
71
166
226
193
125
109
141
140
78
28
69
166
214
177
126
132
166
145
67
20
71
163
197
159
127
154
187
149
59
19
76
158
176
139
129
175
205
150
56
25
84
151
152
118
132
194
218
151
57
37
94
141
125
99
135
209
225
149
62
54
106
131
99
82
138
219
226
147
72
75
119
119
75
68
141
223
221
143
85
100
132
108
54
58
143
222
211
139
102
127
144
97
37
52
144
215
195
135
120
153
154
88
25
51
144
202
176
130
139
178
163
81
20
55
143
185
154
127
158
199
168
76
21
63
141
164
131
124
175
216
171
75
32
77
137
139
109
122
185
218
167
82
54
95
132
117
93
121
187
212
161
91
77
111
127
101
83
122
185
201
153
102
99
125
123
90
80
123
178
186
145
112
118
135
120
86
82
124
168
169
138
121
132
141
119
87
89
125
157
154
132
128
141
143
119
94
98
126
146
141
128
132
144
141
120
103
108
127
137
131
126
133
141
137
123
114
118
127
130
127
126
131
134
131
126
124
126
127
128
