128
128
129
128
126
127
128
125
121
122
131
139
136
126
122
126
128
121
114
122
141
150
138
120
115
124
127
116
111
128
154
158
134
108
108
124
127
114
113
140
168
160
121
93
103
126
129
114
119
154
178
154
102
79
102
134
133
118
129
168
181
138
79
68
109
146
140
122
139
177
175
115
56
65
125
162
147
126
147
180
160
87
39
73
149
180
151
127
151
176
138
59
31
94
178
195
149
123
149
165
112
37
37
126
206
199
139
115
142
148
90
33
62
161
224
191
122
104
133
132
76
40
94
193
230
172
101
94
127
121
70
57
128
218
225
146
79
86
124
115
73
80
161
232
208
115
60
85
126
115
82
105
187
234
181
83
47
90
134
120
95
130
205
223
147
54
42
103
146
128
109
150
212
202
111
33
49
123
160
136
121
163
208
174
77
21
66
148
173
141
128
169
196
142
49
22
92
174
183
141
131
168
177
111
31
35
124
197
186
136
128
160
156
85
25
59
158
215
181
124
121
150
135
66
31
91
191
223
167
108
112
140
118
57
47
126
216
220
145
90
104
131
106
58
72
161
232
205
118
73
100
128
101
66
100
190
236
181
89
60
101
129
103
81
129
211
227
148
61
55
109
135
109
98
154
221
207
113
39
58
123
145
118
115
172
220
179
78
27
71
143
156
126
129
182
208
145
49
25
94
165
166
131
137
184
188
111
29
36
123
186
171
131
140
178
163
82
21
59
155
203
169
126
137
167
138
59
25
89
186
212
160
116
131
153
115
46
40
125
212
211
143
102
123
140
98
44
65
160
229
200
121
88
116
130
89
52
95
192
235
179
95
76
113
125
87
68
127
215
228
149
70
69
115
125
91
88
156
228
210
115
48
70
124
131
100
109
179
228
182
81
35
79
138
139
110
129
194
217
148
52
32
97
155
148
120
143
198
197
112
30
40
122
174
154
126
151
194
170
80
19
60
151
189
156
127
153
182
141
54
21
88
180
199
152
123
149
166
114
38
36
123
205
201
141
115
141
148
92
34
60
158
223
193
123
104
133
133
78
40
91
191
231
175
102
93
126
122
72
56
126
216
226
149
80
85
123
116
74
78
158
231
210
118
60
83
125
116
83
104
185
234
183
85
46
88
133
121
95
128
203
224
150
56
41
101
145
129
109
148
210
204
114
34
47
121
160
137
120
162
208
176
80
21
63
146
174
142
128
168
196
145
52
21
89
172
184
142
130
166
178
114
33
34
121
196
187
137
127
160
157
87
26
57
156
214
183
125
120
150
136
68
31
88
188
223
169
109
111
139
119
59
46
124
215
221
148
91
103
131
108
58
70
158
231
207
120
73
98
128
103
67
98
188
236
183
91
60
99
129
104
81
127
209
228
151
63
54
107
136
110
98
152
220
209
116
40
56
122
146
118
114
170
219
181
81
27
69
141
157
126
128
181
208
148
51
25
91
164
167
132
136
183
189
114
31
35
120
185
172
132
139
177
165
84
21
56
152
203
171
127
136
166
140
61
24
86
184
213
162
116
130
153
117
48
39
122
211
213
145
103
122
140
100
45
63
157
229
202
123
88
115
130
90
52
93
189
235
181
97
75
112
125
88
67
125
213
229
152
71
68
114
126
92
87
154
227
212
118
49
68
123
131
100
108
177
228
184
84
35
77
137
140
111
127
192
218
151
54
31
95
155
149
120
142
197
198
115
31
39
119
173
155
126
150
193
172
82
20
58
148
189
158
127
152
182
144
56
21
86
178
200
153
123
148
166
116
40
34
120
204
202
142
115
140
149
94
34
58
155
223
194
125
103
132
134
79
40
89
188
231
177
103
92
125
123
73
55
123
214
227
152
81
84
122
117
75
77
155
230
212
120
60
82
125
117
83
102
182
234
186
88
46
87
133
122
95
126
201
225
153
58
40
99
145
130
109
146
209
206
117
35
45
119
160
138
120
160
207
178
82
22
61
144
174
143
128
166
196
147
54
21
86
171
185
143
130
165
179
116
34
32
118
195
189
138
127
159
158
90
27
55
153
214
184
126
119
149
138
70
31
86
186
224
171
110
110
139
120
60
45
121
213
222
150
91
102
131
109
59
68
155
231
209
123
73
97
127
104
67
96
185
236
186
93
59
98
129
105
80
124
207
229
154
64
53
106
136
111
97
149
219
211
119
41
55
120
146
119
114
168
219
183
84
27
67
140
158
127
127
179
208
151
54
24
89
163
168
132
135
182
190
117
32
33
117
185
173
133
138
176
166
87
22
54
150
203
172
127
135
166
142
63
24
84
182
213
164
117
129
153
119
49
38
119
209
214
147
103
121
140
102
46
61
154
228
204
125
88
114
131
92
52
91
187
235
184
98
75
111
126
89
67
122
211
230
155
72
67
113
126
93
86
152
225
214
121
50
67
122
132
101
107
175
228
187
86
35
75
136
140
111
126
190
218
154
56
30
92
154
149
121
140
196
200
118
33
37
117
173
156
126
149
193
174
85
20
55
146
189
159
128
151
182
146
58
20
83
176
200
155
123
147
167
119
41
33
117
203
203
144
114
139
150
96
35
56
153
222
196
126
103
131
135
81
40
86
186
231
179
105
92
124
123
74
55
120
213
228
154
82
83
122
118
76
76
153
229
214
123
61
80
124
118
84
100
180
234
188
90
46
85
132
123
96
124
199
226
156
60
40
98
145
131
109
144
208
207
120
36
44
117
160
139
120
158
207
181
85
22
59
142
174
144
127
165
196
150
56
20
84
169
185
144
129
164
179
119
36
31
115
194
190
139
126
158
159
92
27
53
150
213
186
127
119
149
139
72
30
83
184
224
173
111
110
139
122
62
45
118
211
223
152
92
101
131
110
60
67
152
230
211
125
74
96
127
105
67
94
183
236
188
95
59
97
129
106
80
122
205
230
157
66
52
104
136
112
97
147
218
213
122
42
53
118
146
120
113
166
218
186
86
27
65
138
158
128
126
177
209
153
56
23
86
161
168
133
135
180
191
120
34
32
115
184
174
133
137
176
168
89
22
52
147
202
174
128
134
166
143
65
24
81
179
214
166
117
128
153
121
51
37
116
207
215
149
103
120
140
104
47
60
152
227
206
127
88
113
131
93
53
89
184
235
186
100
74
110
126
90
66
120
209
231
157
74
66
112
127
94
85
149
224
215
124
51
65
121
132
102
106
173
227
189
89
35
73
135
141
112
125
188
219
156
58
30
90
153
150
121
139
195
201
121
34
36
114
172
158
127
147
192
176
88
21
53
144
189
160
128
149
182
148
61
20
80
174
201
156
123
146
167
121
43
32
114
201
204
145
114
139
150
98
36
54
150
221
198
128
103
130
135
83
40
84
183
231
182
106
91
124
124
76
54
117
211
230
157
83
82
121
119
77
75
150
228
216
126
61
79
123
119
85
100
175
228
187
95
52
87
131
124
100
123
187
212
154
73
55
102
141
131
113
139
188
188
124
62
66
119
150
136
122
147
179
163
102
61
84
135
156
138
127
148
166
141
90
70
103
148
157
136
128
144
152
125
88
85
121
154
153
132
127
138
139
116
94
102
134
154
146
128
125
133
131
114
104
117
139
148
137
125
124
129
127
118
116
126
137
138
130
124
125
128
127
124
125
128
130
128
