128
128
129
128
126
126
128
126
123
125
134
139
133
120
115
122
130
129
125
131
142
141
122
104
108
131
146
140
127
128
136
129
107
97
121
155
163
137
111
111
125
124
109
113
146
174
157
109
82
101
135
142
128
130
155
163
124
74
72
124
172
167
132
119
135
135
98
70
102
172
202
160
98
84
114
129
109
101
145
200
189
111
48
67
133
164
143
127
155
179
138
57
33
103
193
206
148
106
120
137
102
54
78
172
236
194
97
54
91
133
123
101
134
202
211
127
36
37
118
179
165
130
140
172
150
70
25
82
185
223
168
103
100
128
117
71
72
152
229
210
113
46
71
129
140
115
124
182
210
146
48
24
99
180
185
140
126
155
154
90
32
66
169
229
188
108
83
114
126
91
74
133
216
222
133
46
51
118
154
133
121
162
201
162
65
19
79
174
201
155
119
135
151
109
46
55
149
228
207
120
71
95
127
111
84
118
198
226
153
54
35
101
160
153
126
145
187
171
85
21
60
161
213
175
118
115
141
122
64
52
128
220
223
137
65
75
121
127
99
110
178
223
172
68
25
82
159
172
137
132
168
174
105
30
45
143
217
195
125
99
124
129
85
56
110
205
232
157
67
56
109
139
118
109
158
213
186
86
21
61
151
187
154
126
148
168
123
46
36
123
214
213
139
89
105
129
104
67
97
186
235
178
77
41
91
144
138
115
142
197
193
107
26
43
136
197
174
128
130
156
135
65
35
103
203
227
157
86
85
121
119
84
91
166
229
195
92
33
71
141
156
128
131
177
193
126
37
30
117
199
194
137
115
139
140
85
41
86
187
235
178
90
67
107
129
103
92
147
217
207
111
32
51
130
170
146
127
157
186
143
54
24
97
194
211
152
106
119
138
104
54
74
168
235
197
101
54
89
132
123
100
132
200
213
132
38
35
115
178
166
131
139
172
153
73
25
78
181
223
171
105
100
128
118
72
70
147
227
213
118
48
69
127
141
115
122
180
211
151
51
23
95
178
186
141
126
154
156
94
33
62
164
229
191
111
83
113
126
92
73
129
214
224
138
49
49
115
153
133
120
160
202
166
69
19
75
170
202
158
119
134
152
111
47
52
144
227
210
124
72
94
127
112
83
115
195
227
158
57
34
98
158
154
126
143
186
174
89
22
56
157
212
177
120
115
141
124
66
50
124
217
225
142
67
74
120
128
99
108
175
223
176
72
25
78
157
172
138
131
167
175
109
32
42
138
215
197
128
100
124
130
86
55
106
202
234
162
70
55
107
138
118
108
156
212
189
91
22
58
147
187
156
127
147
169
126
48
34
118
211
215
142
90
104
129
105
67
94
183
235
182
80
41
89
142
138
115
140
196
196
111
28
41
132
195
175
129
129
156
137
68
34
98
200
228
161
88
85
121
120
84
88
162
229
199
97
34
68
138
156
129
130
176
195
131
40
28
113
197
195
139
115
139
142
88
41
82
183
235
181
93
67
106
129
104
91
144
216
210
116
34
49
127
169
147
127
156
187
146
57
23
92
190
212
155
107
119
138
106
55
71
163
234
201
105
55
87
131
124
100
129
198
215
137
41
33
111
176
167
131
139
172
156
77
25
73
177
223
174
107
99
128
120
73
68
143
226
216
122
49
67
125
141
115
121
178
212
155
55
22
91
175
186
143
126
154
158
97
34
58
159
228
194
114
83
112
127
93
72
125
211
226
142
51
48
112
152
134
120
158
202
169
73
19
70
167
202
160
120
134
153
114
49
50
139
225
213
128
73
92
126
112
83
112
192
228
163
61
33
95
157
154
126
142
186
177
94
23
52
152
211
179
122
115
141
126
68
48
119
214
227
146
69
72
119
128
99
105
172
223
180
76
25
75
154
172
139
131
167
177
113
34
39
133
214
199
131
100
123
132
88
55
102
198
235
166
73
55
105
138
119
106
153
211
193
95
23
55
144
186
157
127
147
170
129
51
32
113
208
217
146
91
104
129
107
67
91
179
235
186
84
41
86
141
139
115
138
194
198
116
30
38
128
194
177
130
129
156
140
70
33
94
196
229
165
90
84
120
121
85
86
159
228
202
101
35
66
136
156
129
128
174
196
135
42
26
108
194
196
141
115
138
143
90
41
78
179
235
185
96
67
104
129
105
89
140
214
213
121
36
47
124
168
148
126
155
187
150
60
22
88
187
213
157
108
118
139
108
56
68
159
233
204
109
56
85
130
124
99
126
196
217
141
44
31
107
174
168
132
138
172
158
80
25
69
173
223
177
109
99
127
121
74
66
139
224
219
127
51
65
123
141
115
119
176
213
160
59
21
87
172
187
144
126
153
160
100
35
55
155
227
197
117
84
111
127
94
71
121
208
228
147
54
47
110
151
135
119
156
202
173
77
19
67
163
202
162
121
133
153
117
51
47
134
223
215
131
74
91
126
113
83
109
189
229
167
64
33
91
155
155
126
140
185
180
98
24
49
148
210
182
124
115
140
128
70
47
115
211
229
150
71
71
117
128
100
103
169
223
184
80
25
71
151
172
140
130
166
179
117
36
36
129
212
201
133
101
123
133
90
54
98
195
235
171
77
54
102
137
120
105
150
210
196
100
25
52
140
186
158
127
146
171
133
53
31
108
205
218
149
93
103
129
108
68
88
175
235
190
88
42
84
139
139
115
136
193
200
121
32
35
124
192
178
132
128
156
142
73
33
89
192
230
169
92
84
119
122
86
84
155
226
206
106
36
63
133
156
130
127
173
198
139
45
25
104
192
198
143
116
138
144
93
42
74
175
234
189
99
67
103
129
106
88
137
212
215
126
38
44
120
168
149
126
153
187
153
64
21
83
183
213
160
110
118
139
110
57
65
154
231
207
113
57
83
129
125
99
124
193
218
146
47
30
103
172
169
133
137
172
161
84
25
65
169
223
180
111
99
127
122
76
64
134
221
222
131
53
63
121
140
116
117
173
213
164
62
21
83
169
187
146
126
153
161
104
36
52
150
225
200
120
84
110
128
96
70
117
205
229
152
57
45
107
150
135
118
154
201
176
82
19
63
159
201
164
122
133
154
120
52
45
130
220
218
135
75
90
125
114
83
106
186
230
172
68
32
88
153
155
126
139
184
182
102
25
46
143
209
184
125
115
140
130
72
46
110
208
230
154
74
70
116
129
100
101
166
223
188
85
25
68
148
172
141
130
164
180
121
38
34
124
209
203
136
101
122
133
92
54
94
191
236
175
80
54
100
137
120
104
147
209
199
105
26
49
136
185
160
128
145
171
136
56
29
103
202
220
152
94
102
129
110
68
85
171
234
194
93
42
81
137
139
115
133
191
202
125
34
33
119
191
180
133
128
156
144
76
32
85
189
230
172
95
83
118
123
86
82
151
225
209
110
37
61
131
156
130
126
171
199
143
50
26
100
186
194
144
117
136
144
99
52
78
164
218
182
107
78
106
129
111
96
132
190
195
130
64
66
120
155
143
126
144
167
146
89
60
97
159
179
148
118
122
134
119
90
93
139
180
169
122
94
106
127
127
115
125
154
165
137
97
90
117
143
142
130
130
142
139
116
98
109
137
152
141
124
121
127
127
117
115
128
143
143
129
117
119
126
129
126
126
131
134
130
124
123
126
128
128
