128
128
130
129
127
123
123
125
130
133
132
128
125
125
126
127
126
124
124
130
138
140
132
117
106
109
126
148
157
146
121
99
95
114
142
159
154
133
111
103
113
129
138
136
130
128
133
138
133
116
100
101
124
158
176
161
119
77
68
100
152
190
185
141
91
68
86
129
164
169
147
120
108
115
126
126
116
111
124
153
174
164
120
70
53
89
158
212
212
152
73
31
54
126
195
214
175
111
69
72
109
144
154
142
128
131
145
147
124
88
69
93
151
205
211
156
74
24
43
121
204
235
192
110
45
41
92
158
191
177
137
105
101
117
128
122
109
111
139
174
184
151
89
43
53
118
197
233
198
113
37
24
80
164
217
206
147
85
62
85
127
154
152
135
127
136
147
139
108
76
75
118
179
215
191
118
44
24
75
163
228
223
156
74
34
59
124
180
192
161
119
98
106
123
128
117
108
122
155
182
173
123
64
41
78
156
222
225
161
72
21
43
119
196
221
183
115
67
67
104
144
158
146
130
128
140
145
127
93
72
91
146
201
210
160
80
26
40
115
200
235
198
115
47
37
87
155
193
182
141
104
97
113
127
125
113
112
135
169
182
153
95
47
52
112
191
232
202
119
41
22
74
159
217
211
152
87
59
80
125
156
157
139
126
132
143
139
112
81
77
114
174
212
193
124
49
24
70
157
225
227
162
78
33
54
119
180
196
166
121
96
101
120
129
121
112
121
150
177
172
128
69
43
75
150
218
226
167
78
22
38
113
193
224
189
119
66
62
99
143
162
151
131
126
136
143
129
98
76
90
141
196
210
165
86
29
37
109
195
236
203
121
49
34
81
151
195
187
145
104
93
108
126
129
118
114
133
164
179
155
100
52
51
107
186
230
206
125
45
20
68
154
216
215
158
89
57
75
121
157
161
142
126
128
139
138
116
86
79
111
168
208
195
129
54
24
65
151
222
230
168
83
32
49
114
178
199
171
123
93
96
117
130
126
115
120
146
173
172
131
75
45
72
144
213
227
172
84
24
34
107
189
225
194
124
67
58
94
141
165
156
134
124
131
140
130
102
80
90
137
190
208
169
92
33
35
102
190
235
208
128
51
31
75
147
196
192
149
105
89
104
125
131
122
116
130
159
176
156
105
56
51
103
180
228
209
132
49
19
63
148
215
219
164
92
54
70
117
158
165
147
127
124
134
137
119
91
81
109
163
204
196
135
60
25
61
144
219
232
174
88
32
44
108
176
202
176
126
92
91
113
131
130
119
121
142
168
170
135
80
48
70
138
208
227
177
90
26
31
101
185
227
200
129
67
54
89
139
167
160
137
122
127
136
131
107
84
90
132
185
206
172
98
37
34
97
184
235
212
134
54
28
69
143
196
197
154
106
86
99
123
134
127
119
128
154
172
157
110
61
52
98
174
225
212
138
54
19
57
142
213
223
170
96
53
65
113
158
169
151
128
121
130
135
122
96
84
107
158
200
196
140
65
27
57
138
215
234
180
93
33
39
102
174
205
182
130
91
87
109
131
134
124
121
139
164
169
138
86
52
68
133
203
227
182
96
29
28
94
181
227
205
135
69
50
84
137
169
165
140
121
122
133
131
111
88
91
129
180
204
175
104
41
33
91
178
233
217
140
58
26
63
138
196
201
159
107
83
94
121
136
131
122
127
150
168
158
114
66
53
95
168
222
214
144
59
19
52
136
211
226
176
100
52
60
108
157
173
156
129
118
125
133
124
101
87
105
153
195
196
144
71
29
53
132
211
235
186
99
34
35
96
171
207
187
134
90
83
105
131
137
128
123
136
159
166
140
91
55
67
127
198
226
187
103
32
25
88
176
227
210
140
71
47
78
134
171
170
143
120
118
129
131
115
93
92
125
174
201
177
110
45
32
86
172
231
220
146
62
25
58
133
196
205
165
110
80
89
118
138
136
125
126
145
164
157
119
71
55
91
162
218
215
150
65
19
48
130
208
229
182
104
51
55
103
156
177
160
131
115
121
131
126
105
90
105
148
191
196
149
77
32
50
125
206
236
191
104
36
32
90
167
209
192
138
90
78
101
130
141
133
124
133
154
164
142
96
59
67
122
192
225
191
109
36
23
82
170
227
215
146
73
44
73
130
172
174
147
120
114
124
130
118
98
94
122
169
198
179
116
50
32
81
166
229
223
153
66
24
53
127
194
209
170
112
78
84
115
139
140
129
126
141
160
157
122
77
57
88
156
214
217
156
70
21
43
123
204
231
188
109
51
50
98
154
180
165
133
113
116
127
127
110
94
104
143
186
194
153
83
35
48
119
201
236
197
111
38
28
84
163
210
197
143
91
75
96
128
144
137
127
131
149
160
143
101
64
66
118
187
223
194
115
40
22
76
165
226
219
152
76
42
68
126
173
179
152
121
111
120
129
121
102
96
120
164
194
180
121
56
33
76
160
226
226
159
71
24
47
122
192
213
176
115
76
80
111
139
144
133
127
137
155
155
126
82
60
86
150
210
217
161
76
23
40
117
200
232
193
114
52
46
93
152
182
170
136
112
112
124
128
114
98
105
139
181
193
156
89
38
46
113
196
235
201
117
41
25
78
159
211
202
148
92
71
91
126
146
142
129
129
145
157
144
106
68
67
114
181
220
197
121
44
21
71
159
224
223
158
79
40
62
122
173
183
156
122
107
115
127
124
107
99
118
159
190
181
126
61
34
72
154
222
228
165
76
24
43
116
190
216
181
119
75
75
107
139
148
137
127
134
151
154
128
87
63
84
145
205
217
166
82
25
36
110
196
234
199
120
53
42
87
150
185
175
140
111
107
120
128
118
103
105
136
176
191
159
94
42
45
108
190
234
206
123
44
23
72
154
211
207
153
93
68
86
123
148
146
132
128
140
153
145
110
73
68
110
175
217
200
128
49
21
65
153
222
226
165
83
39
57
117
172
187
161
124
105
111
125
126
112
102
117
154
186
181
131
66
36
69
147
218
230
171
82
25
38
110
187
218
187
123
74
70
102
138
152
142
129
131
146
151
131
92
67
83
140
200
216
170
88
28
33
104
191
234
204
126
55
39
82
146
186
180
144
111
103
116
127
121
107
107
132
171
188
161
100
47
44
103
185
233
210
130
48
21
66
149
210
211
159
95
65
81
120
149
151
136
127
136
149
144
114
78
70
106
170
214
201
133
54
21
61
147
220
229
171
88
38
52
112
171
191
166
126
102
106
122
127
116
106
116
150
182
180
135
72
39
66
141
214
231
177
88
26
34
103
184
220
192
128
74
66
98
137
155
146
131
129
141
149
132
97
71
82
135
195
215
174
95
31
31
98
186
234
209
132
57
36
76
143
188
185
148
111
99
112
126
125
112
108
130
166
185
163
105
51
44
98
179
230
213
136
52
20
61
143
209
215
164
98
63
77
117
149
154
139
127
132
143
142
119
88
79
107
159
197
190
137
73
43
71
137
196
207
165
102
62
70
113
157
173
157
128
109
111
122
128
123
116
121
138
156
157
134
100
81
93
132
169
179
154
111
81
83
114
151
168
157
129
106
102
114
131
138
136
129
127
130
133
129
120
113
115
128
143
148
139
122
108
108
121
137
145
141
129
118
115
121
129
134
133
129
126
126
126
127
128
127
127
