128
128
129
128
126
125
126
128
127
125
128
134
137
130
118
111
119
135
143
137
126
122
126
128
121
114
119
139
155
148
121
97
101
125
146
145
131
126
133
137
121
98
96
127
166
174
142
100
87
109
136
141
130
128
146
158
137
93
69
96
154
190
171
121
90
100
125
129
115
115
148
183
173
113
55
57
120
183
190
147
108
107
126
123
94
84
126
193
214
157
70
33
78
153
186
161
126
127
148
138
86
47
79
169
233
207
115
45
55
117
158
149
127
139
173
172
112
41
37
117
208
228
163
86
66
101
133
125
106
126
181
207
158
66
19
65
161
216
189
125
94
111
129
110
79
92
161
222
206
115
34
36
111
181
186
145
120
134
148
118
65
53
117
206
234
170
75
38
79
142
162
140
127
152
177
151
78
29
65
162
230
207
125
66
75
118
136
118
110
148
198
193
118
35
29
107
196
215
162
103
94
120
126
97
79
119
193
225
170
72
22
63
148
194
172
129
120
140
139
95
53
74
158
229
215
125
47
46
108
160
158
132
133
164
171
121
50
35
106
201
232
174
90
59
92
132
133
113
122
171
203
165
77
20
56
152
217
199
132
90
101
126
117
87
91
151
215
210
126
39
29
101
179
194
153
118
125
143
124
74
55
108
197
235
180
83
34
69
137
168
149
128
143
170
154
88
34
59
151
227
216
134
65
66
112
140
127
113
140
189
194
128
43
25
96
190
221
172
105
87
112
127
106
85
113
182
223
179
82
22
53
140
197
182
134
114
132
139
104
60
71
148
224
221
136
50
39
99
160
167
138
129
154
168
128
59
35
96
193
235
184
96
54
82
130
140
121
121
161
197
171
87
24
48
141
216
208
140
87
92
122
123
96
92
142
207
213
137
45
24
90
175
201
162
118
116
137
128
84
58
100
187
234
190
92
32
59
131
173
158
130
136
162
156
98
40
54
140
223
223
144
67
57
104
142
136
118
134
179
193
137
52
23
86
183
225
182
109
80
103
127
115
91
109
172
218
186
92
23
44
131
198
191
140
110
122
137
112
69
70
138
216
225
147
55
32
89
158
175
146
127
145
164
134
69
37
87
183
236
194
104
51
73
126
147
129
121
152
190
174
98
29
41
131
214
216
149
87
83
115
128
105
94
134
198
213
147
53
20
79
169
207
172
120
109
129
130
94
63
94
176
231
198
102
32
49
123
176
167
134
129
154
156
107
48
50
129
217
229
155
70
50
95
142
145
124
130
170
190
145
62
23
76
175
227
192
115
75
94
125
123
99
107
162
213
192
103
27
37
121
197
200
147
107
113
133
118
78
70
128
208
227
158
62
27
79
154
181
154
127
136
157
139
79
40
79
173
235
204
113
49
63
120
152
138
122
144
182
176
108
36
37
120
209
223
159
88
75
108
130
115
98
127
188
212
157
62
19
69
162
211
182
124
102
121
131
103
70
90
165
227
205
112
34
41
115
177
176
140
125
144
154
115
57
49
119
210
233
166
75
44
86
141
153
131
127
160
185
151
72
25
67
165
228
202
123
72
84
122
129
107
106
153
205
196
114
32
30
111
195
208
156
106
104
127
123
87
73
120
199
228
168
70
24
69
149
187
163
128
128
150
142
89
46
73
162
232
212
122
49
54
113
155
147
126
138
173
177
118
43
33
109
203
229
169
91
67
100
131
123
104
123
178
209
165
72
19
59
154
213
191
129
97
112
129
111
77
87
155
221
211
123
38
33
105
176
185
147
122
135
150
122
66
49
110
201
235
177
82
39
76
138
160
139
126
151
179
156
82
29
59
154
227
211
131
70
75
116
134
116
108
145
197
198
125
39
26
100
190
215
166
107
96
120
126
97
77
113
189
227
178
79
23
58
142
191
173
131
121
142
142
98
52
69
152
227
219
133
51
45
104
156
157
131
133
164
175
126
52
32
98
195
232
180
96
61
91
130
132
111
119
168
205
171
83
21
50
144
213
201
136
93
102
126
118
86
87
146
213
215
134
43
27
94
173
193
155
120
126
145
127
76
52
101
191
236
187
90
36
66
133
165
148
127
143
172
159
93
34
53
144
224
219
141
70
66
109
138
125
111
138
188
198
134
47
23
89
184
220
176
110
89
112
128
106
82
108
178
224
186
89
23
49
134
193
183
136
116
133
141
107
60
66
141
221
225
144
55
38
95
156
165
138
129
155
171
133
62
33
89
186
234
190
103
57
81
127
139
119
118
159
199
176
94
25
43
134
212
210
145
91
93
121
123
95
88
137
205
217
145
51
23
84
169
199
164
121
118
138
131
86
56
94
181
234
196
99
35
56
126
169
157
130
136
164
160
102
41
49
133
219
226
151
72
58
101
139
135
116
132
179
196
143
57
21
79
176
224
186
115
83
103
127
115
89
104
168
219
192
100
26
40
124
194
192
143
112
124
139
114
69
65
131
213
228
155
61
32
84
153
173
146
127
146
166
139
72
35
80
177
235
200
111
54
71
122
145
128
119
150
191
180
104
31
37
123
209
218
154
91
84
115
127
105
91
129
196
217
155
59
20
73
163
204
174
123
110
130
132
95
61
89
170
231
204
109
36
47
118
172
167
135
130
155
159
111
49
46
122
212
231
162
76
51
92
139
143
122
128
169
193
151
67
22
69
167
226
196
121
78
94
125
122
97
103
158
213
197
111
30
33
114
192
200
151
110
115
134
120
78
66
122
204
230
165
68
28
74
149
179
155
127
137
160
143
82
39
73
166
233
209
120
53
62
116
149
137
121
143
183
181
114
38
32
112
204
224
164
93
76
107
129
114
96
123
186
215
164
68
19
63
155
208
184
128
104
122
132
104
68
85
160
226
211
120
38
38
109
172
176
141
126
146
157
119
58
45
112
204
234
173
81
45
83
137
151
130
126
159
188
157
77
25
60
157
225
205
129
75
84
120
128
106
103
149
205
201
122
36
27
103
189
208
160
110
106
128
125
88
69
114
195
230
175
77
25
64
143
184
164
129
129
152
145
92
45
67
155
229
217
130
54
53
109
152
146
125
136
174
180
124
46
30
101
197
229
174
97
69
99
130
122
102
119
176
211
171
79
20
54
146
210
194
134
99
113
130
112
76
83
150
219
215
131
43
31
99
171
184
148
123
136
153
126
68
46
102
195
236
183
89
41
73
133
157
138
125
151
181
161
88
29
53
147
224
214
138
74
75
115
133
115
105
141
196
202
132
43
23
92
184
214
169
111
98
121
127
97
74
108
184
228
184
86
25
54
136
188
174
133
123
143
145
101
52
63
144
224
223
141
56
45
100
152
155
131
132
164
178
132
56
29
91
189
232
185
102
64
89
128
130
109
116
166
206
178
89
23
45
137
210
203
141
96
103
127
118
85
83
140
211
219
142
49
26
88
168
191
157
122
127
147
130
79
52
96
182
228
188
100
48
70
128
158
145
127
140
166
157
103
54
64
134
199
199
142
88
83
113
133
125
115
132
167
176
137
79
60
99
158
182
158
120
107
119
128
116
102
115
151
176
159
113
80
89
127
155
151
132
124
130
134
121
103
104
130
158
161
135
107
101
117
134
137
130
128
134
138
130
115
108
119
137
146
138
125
118
121
127
129
127
126
130
133
131
126
123
125
127
128
